1.122512727425993084e+01
5.838965102141672858e+00
-4.816148473676625130e+00
-3.308913294504399083e+00
-3.308913294504399083e+00
-3.141455653807618820e+00
3.223624385621123967e+00
3.223624385621123967e+00
3.141606932459714674e+00
-6.800185802422292931e-03
-1.487186459599229593e+01
-6.640114843750762219e+00
5.882887939150166723e+00
3.131881795056586704e+00
3.131881795056586704e+00
3.141699374206030626e+00
-3.126139527707232357e+00
-3.126139527707232357e+00
-3.141431319913387643e+00
-1.363433892527788488e-03
7.225366980138529627e+00
-4.399071375791687721e+00
-3.378645747196417304e+00
-3.378645747196417304e+00
-3.141552206043246365e+00
5.492878929546192168e+00
3.257177697046244269e+00
3.257177697046244269e+00
3.141472524443195358e+00
-6.008980587853260565e-03
5.712848063566626777e+00
5.712848063566626777e+00
-4.573636894660424446e+00
-3.322547496236865960e+00
-3.322547496236865960e+00
-3.141453739666808964e+00
3.256227666206178650e+00
3.256227666206178650e+00
3.141670412417986835e+00
1.545021409715608817e-03
1.249504967761626872e+01
6.074758541537053524e+00
-5.032728989238173689e+00
-3.255393543563458003e+00
-3.255393543563458003e+00
-3.141425523326307090e+00
3.072065320719244319e+00
3.072065320719244319e+00
3.141549609276541588e+00
-4.505485335760891358e-03
2.019873577518050212e+01
5.969143102699210779e+00
-5.531321161077625170e+00
3.270373066652652483e+00
3.270373066652652483e+00
3.141501984406528170e+00
-3.175678152507038998e+00
-3.175678152507038998e+00
-3.141390042437117724e+00
-2.769835673528540237e-03
-4.441515765667465310e+00
-3.387461595217502008e+00
-3.387461595217502008e+00
-3.141399760805247521e+00
5.136995354327772212e+00
5.136995354327772212e+00
3.083300779055792251e+00
3.083300779055792251e+00
3.141695686196516402e+00
3.542047183731896550e-04
1.585601017279987879e+01
-4.621294538189756551e+00
-3.296573064824539934e+00
-3.296573064824539934e+00
-3.141456546953746098e+00
5.246596379468291715e+00
3.183708467963593858e+00
3.183708467963593858e+00
3.141502549537642075e+00
-3.456957871276543619e-03
1.165343335087426979e+01
6.686015998705391539e+00
-4.917921610536364341e+00
-3.210679414210391158e+00
-3.210679414210391158e+00
-3.141588436003464047e+00
3.129993195155476915e+00
3.129993195155476915e+00
3.141618689558355548e+00
-9.077928089650303106e-04
-1.930730963025032310e+01
4.875139307894818863e+00
3.335837688332865536e+00
3.335837688332865536e+00
3.141599638130589067e+00
-5.356296916291644727e+00
-3.251986608538631529e+00
-3.251986608538631529e+00
-3.141590704850025784e+00
8.821077589872131693e-04
6.762658060702131380e+00
6.762658060702131380e+00
-4.785692718100921894e+00
-3.223381901100441205e+00
-3.223381901100441205e+00
-3.141476670323924747e+00
3.097755572500926924e+00
3.097755572500926924e+00
3.141602526472322854e+00
-2.396073185080748770e-03
1.566030972779494057e+01
5.742785533736308956e+00
-4.995327013326687826e+00
-3.237164030819370542e+00
-3.237164030819370542e+00
-3.141526147497668120e+00
3.157291738544706128e+00
3.157291738544706128e+00
3.141746523478208708e+00
-2.770856798949068722e-03
6.413626309562643257e+01
6.142012944455067291e+00
3.243987019792718751e+00
3.243987019792718751e+00
3.141615858682511142e+00
-5.734485075565761925e+00
-3.206906563813844979e+00
-3.206906563813844979e+00
-3.141390150648379898e+00
-4.696905805694328987e-04
-6.988372873155459786e+01
4.958499247481311656e+00
3.301456221782504308e+00
3.301456221782504308e+00
3.141581169934889672e+00
-5.115389549829052029e+00
-3.250214055174450944e+00
-3.250214055174450944e+00
-3.141463977498729410e+00
-1.906163630004764284e-03
-1.999963372665863659e+01
4.368940727990818118e+00
3.380376308969120114e+00
3.380376308969120114e+00
3.141644223721850704e+00
-5.653718191560821893e+00
-3.088943700396520775e+00
-3.088943700396520775e+00
-3.141525544237563583e+00
-1.663069714060440426e-03
1.022430555100883254e+01
6.137227296989412828e+00
-4.796244373759298796e+00
-3.324603819496107615e+00
-3.324603819496107615e+00
-3.141504671389035774e+00
3.123695347972412328e+00
3.123695347972412328e+00
3.141646334525581175e+00
-2.138897680349481785e-04
6.026962710398946044e+00
6.026962710398946044e+00
-5.434860614340373708e+00
-3.270239266202310979e+00
-3.270239266202310979e+00
-3.141463198154634373e+00
3.146958523401969021e+00
3.146958523401969021e+00
3.141596583556810707e+00
2.423421681083567838e-03
1.490970134561972138e+01
6.855996914527744401e+00
-5.808132870788285551e+00
-3.134686596035865414e+00
-3.134686596035865414e+00
-3.141271261457618813e+00
3.046621671013480803e+00
3.046621671013480803e+00
3.141575062968823939e+00
1.456136977584066450e-03
1.785480892127975849e+01
-4.384155588718610552e+00
-3.407680468526550488e+00
-3.407680468526550488e+00
-3.141385640857063954e+00
4.710286684352825048e+00
3.299105973295950900e+00
3.299105973295950900e+00
3.141498312257348324e+00
1.888692036684076541e-03
1.244035121135338784e+01
6.637441710276273277e+00
-5.599961107559715323e+00
-3.136761314662168676e+00
-3.136761314662168676e+00
-3.141485547393056965e+00
3.088545017727224895e+00
3.088545017727224895e+00
3.141748594188196186e+00
-1.539466096904477900e-03
-1.209971967887632971e+01
4.442002643713770738e+00
3.402266799288298227e+00
3.402266799288298227e+00
3.141684403820915517e+00
-4.969770865055194164e+00
-3.238675405550438757e+00
-3.238675405550438757e+00
-3.141519493377434635e+00
-6.469684417485951911e-03
-1.813511125277854674e+01
4.989117004380246634e+00
3.242498129338414525e+00
3.242498129338414525e+00
3.141730809766394295e+00
-5.437932643242177733e+00
-3.175395223891541718e+00
-3.175395223891541718e+00
-3.141472578348316169e+00
-3.113921686218448347e-03
2.569768742333832279e+01
5.883790766459487287e+00
-4.900199636975381523e+00
-3.253927761743022895e+00
-3.253927761743022895e+00
-3.141475797342439424e+00
3.154732854339230119e+00
3.154732854339230119e+00
3.141653182288735913e+00
-1.258974476474096504e-05
3.268849478953837462e+01
-5.006025777331011284e+00
-3.263163132210201045e+00
-3.263163132210201045e+00
-3.141483103210197747e+00
5.313738501512898615e+00
3.264179726521834635e+00
3.264179726521834635e+00
3.141732095791661905e+00
-1.952588657536634409e-03
5.597361610591807590e+00
5.597361610591807590e+00
-4.395943172192254167e+00
-3.383815720392136406e+00
-3.383815720392136406e+00
-3.141588389486120736e+00
3.219230343259296134e+00
3.219230343259296134e+00
3.141516202375999267e+00
-3.137471470809695667e-03
-2.903699546921906105e+01
-5.690930653029818487e+00
5.141628588932308119e+00
3.249120720596932355e+00
3.249120720596932355e+00
3.141589771505449491e+00
-3.090239345424038220e+00
-3.090239345424038220e+00
-3.141449312161054941e+00
-4.095084004008056611e-03
8.563014104425393569e+00
-4.693674850923924780e+00
-3.245512726015816085e+00
-3.245512726015816085e+00
-3.141424436723327052e+00
5.584834276453513269e+00
3.178911163247519323e+00
3.178911163247519323e+00
3.141494004494397529e+00
-1.720380270309353980e-03
7.127006770772588595e+00
7.127006770772588595e+00
-4.942141449625261806e+00
-3.256831667026541144e+00
-3.256831667026541144e+00
-3.141576651427295808e+00
3.169584231701022770e+00
3.169584231701022770e+00
3.141586141006469379e+00
-6.432920915340244530e-03
1.832095545001180881e+01
6.234585600691622709e+00
-5.463566210859424288e+00
-3.100769494098861490e+00
-3.100769494098861490e+00
-3.141462912026773857e+00
3.109975894415973219e+00
3.109975894415973219e+00
3.141698350711331855e+00
1.446169763553851410e-03
-4.725699870692261939e+00
-3.335490449716915773e+00
-3.335490449716915773e+00
-3.141426165843487439e+00
4.891279312280795821e+00
4.891279312280795821e+00
3.222990488560187217e+00
3.222990488560187217e+00
3.141509085737721474e+00
3.855282647374251234e-04
1.228162498413255577e+01
-4.695968412803598113e+00
-3.248845436617361138e+00
-3.248845436617361138e+00
-3.141414260763415012e+00
5.229905307859496588e+00
3.239435303565347812e+00
3.239435303565347812e+00
3.141579000343367234e+00
2.464098477449847956e-03
5.732744649672349091e+00
5.732744649672349091e+00
-4.294861191857623162e+00
-3.385524573347089117e+00
-3.385524573347089117e+00
-3.141407322281879022e+00
3.245586879914390988e+00
3.245586879914390988e+00
3.141729797671338531e+00
-5.073889171981372116e-04
4.372204240130895414e+01
6.084558531060941355e+00
-5.717077590272403143e+00
-3.171565420742787911e+00
-3.171565420742787911e+00
-3.141443053925006446e+00
3.133811307318981054e+00
3.133811307318981054e+00
3.141577280344519885e+00
-2.148514879502893063e-03
5.726251237980716446e+00
5.726251237980716446e+00
-4.614058964042671462e+00
-3.277700196045019609e+00
-3.277700196045019609e+00
-3.141544202395745611e+00
3.161957884819853071e+00
3.161957884819853071e+00
3.141607438432086230e+00
-1.746582575069497443e-03
1.586601537198435352e+01
6.618830906935571967e+00
-5.322105789385340735e+00
-3.173822747384698051e+00
-3.173822747384698051e+00
-3.141475377416595993e+00
3.088728984500738850e+00
3.088728984500738850e+00
3.141637041251284401e+00
1.001656827051050766e-03
4.764943615835731094e+01
5.857061988510384509e+00
-5.408255502114153401e+00
-3.245644520186869109e+00
-3.245644520186869109e+00
-3.141464094451391631e+00
3.185307271583631028e+00
3.185307271583631028e+00
3.141647212511831544e+00
3.695493257814654931e-04
-5.381535972625435704e+01
-5.726904044307896235e+00
5.020435173356707637e+00
3.304733094432648510e+00
3.304733094432648510e+00
3.141621513614921035e+00
-3.174280114112374651e+00
-3.174280114112374651e+00
-3.141379691769525362e+00
7.182338880109272487e-04
8.945299742069327209e+00
7.439597081390889599e+00
-5.289389569960220250e+00
-3.141595413028262840e+00
-3.100039046897091755e+00
-3.100039046897091755e+00
3.133948424183645720e+00
3.133948424183645720e+00
3.141547859737054971e+00
-1.812257644323896164e-03
-4.824860993721956248e+01
-5.509212505585791675e+00
5.395965243765508568e+00
3.222266264286781645e+00
3.222266264286781645e+00
3.141643879281937668e+00
-3.162172344954176761e+00
-3.162172344954176761e+00
-3.141412610993165266e+00
-3.597546123428682716e-03
1.157209375487875391e+01
6.099726748287291223e+00
-5.179364021671245766e+00
-3.187004267423954929e+00
-3.187004267423954929e+00
-3.141493858561951846e+00
3.174726473408347793e+00
3.174726473408347793e+00
3.141580580550246360e+00
-3.327078524259185783e-03
-3.895826160524025994e+01
4.776415824149336409e+00
3.302409947325460671e+00
3.302409947325460671e+00
3.141609863827226956e+00
-4.908894294223489219e+00
-3.292176963943492574e+00
-3.292176963943492574e+00
-3.141551641103248027e+00
-3.186698235429948501e-03
2.063842667726686031e+01
-4.978473388683287482e+00
-3.265617864641602974e+00
-3.265617864641602974e+00
-3.141364548986343763e+00
5.270727619163049660e+00
3.216902612838127506e+00
3.216902612838127506e+00
3.141630867462153809e+00
8.420898528673726661e-05
3.344967112824905087e+01
4.613941336139585125e+00
3.292967010499395109e+00
3.292967010499395109e+00
3.141532823619155312e+00
-4.429565944406649081e+00
-3.303386558340855483e+00
-3.303386558340855483e+00
-3.141375449702359379e+00
-6.741816949858685064e-03
7.207504075127315168e+00
6.023923271905717414e+00
-4.572688712064975292e+00
-3.320870228993015427e+00
-3.320870228993015427e+00
-3.141521284597204033e+00
3.152583490452890658e+00
3.152583490452890658e+00
3.141727835506392896e+00
5.359504400026282893e-04
1.439461011494631038e+01
-4.785957425876713245e+00
-3.265487573603071514e+00
-3.265487573603071514e+00
-3.141356285841219176e+00
5.228184799466310650e+00
3.266293308702988174e+00
3.266293308702988174e+00
3.141595663749891187e+00
-3.566356141792146727e-03
1.942858548264517538e+01
-4.863495495687228498e+00
-3.223896854898357311e+00
-3.223896854898357311e+00
-3.141530151204163790e+00
5.094516190677035539e+00
3.239965374698619005e+00
3.239965374698619005e+00
3.141470536072192843e+00
-1.053236167228437190e-03
1.078660194176348952e+01
-4.854335391334271499e+00
-3.246181242849697224e+00
-3.246181242849697224e+00
-3.141567602241144730e+00
5.422993224854747218e+00
3.266940513403561841e+00
3.266940513403561841e+00
3.141603552545504385e+00
-1.548815644916335440e-03
-4.344528271375283524e+00
-3.420315670917773776e+00
-3.420315670917773776e+00
-3.141347054654992199e+00
4.829565218839507068e+00
4.829565218839507068e+00
3.179893778679026006e+00
3.179893778679026006e+00
3.141598368435138067e+00
-1.336084088001766217e-03
1.122512727425993084e+01
5.838965102141672858e+00
-4.816148473676625130e+00
-3.308913294504399083e+00
-3.308913294504399083e+00
-3.141455653807618820e+00
3.223624385621123967e+00
3.223624385621123967e+00
3.141606932459714674e+00
-6.800185802422292931e-03
6.597767729181816776e+01
4.623978576256406292e+00
3.341758370888465279e+00
3.341758370888465279e+00
3.141672591118804814e+00
-4.595004430472179990e+00
-3.212696888500496062e+00
-3.212696888500496062e+00
-3.141502857842728424e+00
-2.519999043175937849e-03
-4.738110147702492725e+01
5.568034275187128124e+00
-5.510348412061803813e+00
-3.235885076402571503e+00
-3.235885076402571503e+00
-3.141490796476186009e+00
3.221821168703651317e+00
3.221821168703651317e+00
3.141579123616481617e+00
-8.194115319273600692e-03
3.183636891370897004e+01
6.061571409684167300e+00
-5.248694238578369031e+00
-3.207203502411297702e+00
-3.207203502411297702e+00
-3.141438574157661812e+00
3.081114815676303298e+00
3.081114815676303298e+00
3.141694558928249226e+00
-1.318114090570237078e-03
6.167474234780347508e+00
6.167474234780347508e+00
-4.579816174446709631e+00
-3.298107692090737952e+00
-3.298107692090737952e+00
-3.141412762290979099e+00
3.227278857501450382e+00
3.227278857501450382e+00
3.141620894127531205e+00
-4.414050263709195197e-03
1.052534086535046853e+01
-5.072456043261334813e+00
-3.189319894670161748e+00
-3.189319894670161748e+00
-3.141403106315921345e+00
5.384646877472588855e+00
3.231300512375553158e+00
3.231300512375553158e+00
3.141597061588599527e+00
-1.838736985916717293e-03
6.819041162998628280e+00
6.819041162998628280e+00
-4.924404231252302644e+00
-3.207703919389262914e+00
-3.207703919389262914e+00
-3.141343583046649179e+00
3.170072266497013125e+00
3.170072266497013125e+00
3.141609197489503291e+00
-2.980580371017375711e-03
1.092461395841614369e+01
-4.586619580085999459e+00
-3.414584977356288853e+00
-3.414584977356288853e+00
-3.141448823119316280e+00
5.457208961823000415e+00
3.261424029549139902e+00
3.261424029549139902e+00
3.141587495789867734e+00
-5.413251955251812764e-04
6.479922232401020388e+00
6.479922232401020388e+00
-5.034324342088185134e+00
-3.193412157082516689e+00
-3.193412157082516689e+00
-3.141511224521971180e+00
3.059435226679557918e+00
3.059435226679557918e+00
3.141593235144972684e+00
-8.812696811587012293e-04
6.892972342431280985e+00
6.892972342431280985e+00
-4.946567295300211775e+00
-3.327023955568020330e+00
-3.327023955568020330e+00
-3.141562681310756666e+00
3.289720992303802216e+00
3.289720992303802216e+00
3.141654634699179383e+00
1.195462818186139283e-03
6.020268313794938209e+00
6.020268313794938209e+00
-4.478835766477507363e+00
-3.376983435976275594e+00
-3.376983435976275594e+00
-3.141467461338430134e+00
3.167364028903083106e+00
3.167364028903083106e+00
3.141580022693329699e+00
2.536233080890648497e-03
6.176860171071079542e+00
6.176860171071079542e+00
-4.648495352082200327e+00
-3.305177582430024241e+00
-3.305177582430024241e+00
-3.141540062471574135e+00
3.125817438398668102e+00
3.125817438398668102e+00
3.141694165862672250e+00
-1.512873408582589068e-03
-4.678012252351004818e+00
-3.308906796190030253e+00
-3.308906796190030253e+00
-3.141572652600725490e+00
4.769463934796703164e+00
4.769463934796703164e+00
3.263543047026820076e+00
3.263543047026820076e+00
3.141667460606257123e+00
1.382490185434366754e-03
6.927279527327003805e+00
6.927279527327003805e+00
-5.418049990036148067e+00
-3.150933932036596552e+00
-3.150933932036596552e+00
-3.141381956561786204e+00
3.188150921313636310e+00
3.188150921313636310e+00
3.141704362478707768e+00
-2.595491301711275439e-03
1.021111614087784680e+01
7.430713225040008751e+00
-5.803962789459760074e+00
-3.134773739663613501e+00
-3.134773739663613501e+00
-3.141411390340456133e+00
2.957779508493893594e+00
2.957779508493893594e+00
3.141659267383600795e+00
-2.144014464454128445e-03
1.281493434535640219e+01
-5.127854564755764066e+00
-3.190773907724458791e+00
-3.190773907724458791e+00
-3.141393634078031738e+00
5.575140511693616574e+00
3.209128557183387187e+00
3.209128557183387187e+00
3.141615499087423657e+00
1.944962989178501862e-03
6.378599073453661283e+00
6.378599073453661283e+00
-5.012925881295505981e+00
-3.255802573720642190e+00
-3.255802573720642190e+00
-3.141413044331572646e+00
3.218908049593701470e+00
3.218908049593701470e+00
3.141615033109588229e+00
2.216471628503522470e-03
4.985444654160141376e+00
4.985444654160141376e+00
-4.692229376228646665e+00
-3.290082480957381428e+00
-3.290082480957381428e+00
-3.141450775200015144e+00
2.966373091737532164e+00
2.966373091737532164e+00
3.141701923285932896e+00
-9.288170181540510379e-04
7.581458815176840282e+00
7.581458815176840282e+00
-5.215208216760377269e+00
-3.210797366744102543e+00
-3.210797366744102543e+00
-3.141415447245005765e+00
3.200880061546765187e+00
3.200880061546765187e+00
3.141736331532092752e+00
-2.264669024271515757e-03
6.347614060240465150e+00
6.347614060240465150e+00
-4.804963013607660649e+00
-3.299984580438990456e+00
-3.299984580438990456e+00
-3.141516318835299693e+00
3.144173216671240390e+00
3.144173216671240390e+00
3.141589407851294702e+00
-2.534197267974617942e-03
1.352583842403418402e+01
6.187665823489530759e+00
-5.005909034118905865e+00
-3.267584412380556191e+00
-3.267584412380556191e+00
-3.141482004220534918e+00
3.162352374529849630e+00
3.162352374529849630e+00
3.141733175636372444e+00
4.680472913447837201e-04
1.156943162646256695e+02
5.429019883713126937e+00
-4.888262060881466198e+00
-3.253004405149367617e+00
-3.253004405149367617e+00
-3.141465019457234664e+00
3.209693806498461921e+00
3.209693806498461921e+00
3.141554221926294854e+00
-2.271170217924614858e-03
-3.360522027994220906e+01
-5.806886315107924190e+00
5.256236976983178266e+00
3.223956379727141108e+00
3.223956379727141108e+00
3.141672909143443881e+00
-3.102051350040531563e+00
-3.102051350040531563e+00
-3.141415887445246025e+00
-4.295028832482335884e-03
7.296086325822888519e+00
7.296086325822888519e+00
-4.518622209142606927e+00
-3.390303153807760150e+00
-3.390303153807760150e+00
-3.141404285361671711e+00
3.172373139549576226e+00
3.172373139549576226e+00
3.141708816592348796e+00
2.960118697148110805e-03
7.110950899541541581e+00
7.110950899541541581e+00
-5.199174305157882259e+00
-3.152880801844592185e+00
-3.152880801844592185e+00
-3.141462992822180222e+00
3.083118354303957975e+00
3.083118354303957975e+00
3.141531439262644110e+00
4.226628961761719270e-04
1.228955762720600831e+01
-4.610845716145189677e+00
-3.283618365850399456e+00
-3.283618365850399456e+00
-3.141391336189808481e+00
4.840871514618638294e+00
3.210597535080159215e+00
3.210597535080159215e+00
3.141606344123287098e+00
9.795449099289342283e-04
9.870856050146999294e+00
6.772836517486394925e+00
-4.676486104421759826e+00
-3.338281090966222386e+00
-3.338281090966222386e+00
-3.141376719499598735e+00
3.166683897235874845e+00
3.166683897235874845e+00
3.141572868828279574e+00
-6.159593956848199948e-05
1.138423410095247235e+01
6.467601182573948115e+00
-4.847708630240998851e+00
-3.273042831363512484e+00
-3.273042831363512484e+00
-3.141530920615068112e+00
3.087363956397826126e+00
3.087363956397826126e+00
3.141672048568406428e+00
-2.028252012343319862e-03
8.328571527673046759e+00
8.328571527673046759e+00
-5.586071058269546086e+00
-3.172295870251469641e+00
-3.172295870251469641e+00
-3.141364601257646605e+00
3.087813287523831995e+00
3.087813287523831995e+00
3.141757062182820803e+00
-1.200582231273266548e-03
1.497431933231975520e+01
6.349692806151301383e+00
-5.056134940109830112e+00
-3.219515229845003823e+00
-3.219515229845003823e+00
-3.141427574822057700e+00
3.112954304171347442e+00
3.112954304171347442e+00
3.141664464058425477e+00
-4.658887004321209634e-03
1.618943691263605444e+01
-4.949027003153199544e+00
-3.305575689362245662e+00
-3.305575689362245662e+00
-3.141411941236800232e+00
5.139724210438524565e+00
3.274128688538727516e+00
3.274128688538727516e+00
3.141544460355807367e+00
8.480317420883920834e-03
7.952084007208969574e+00
7.952084007208969574e+00
-5.409658167355090974e+00
-3.214021741970344515e+00
-3.214021741970344515e+00
-3.141528213872998521e+00
3.288769682600765520e+00
3.288769682600765520e+00
3.141705311675804246e+00
-3.720921733818783814e-04
6.804222221821929928e+00
6.804222221821929928e+00
-4.943712513709449752e+00
-3.261562722722277208e+00
-3.261562722722277208e+00
-3.141544257732038492e+00
3.225619671574318836e+00
3.225619671574318836e+00
3.141590209444830251e+00
-5.892670234565812763e-04
1.002273043293970467e+01
6.558953026152397392e+00
-4.889133044484955448e+00
-3.304396522373513889e+00
-3.304396522373513889e+00
-3.141448692177466473e+00
3.163075052018129441e+00
3.163075052018129441e+00
3.141460413726925083e+00
4.460266275171563760e-04
1.595482598677046404e+01
6.835737405815518031e+00
-5.074704980734503934e+00
-3.235218516912774067e+00
-3.235218516912774067e+00
-3.141508554939888231e+00
3.115465675291560821e+00
3.115465675291560821e+00
3.141671747314151109e+00
-3.123478823980016007e-04
2.266249236951269097e+01
6.116814079314303321e+00
-5.436841015333665261e+00
-3.181058808565341511e+00
-3.181058808565341511e+00
-3.141388216311512771e+00
3.206206172515702058e+00
3.206206172515702058e+00
3.141581343556954842e+00
-1.374649532866066516e-03
6.086738602871617942e+00
6.086738602871617942e+00
-4.872244683161460976e+00
-3.192962424386736053e+00
-3.192962424386736053e+00
-3.141354238321536485e+00
3.032728909284007734e+00
3.032728909284007734e+00
3.141670512029104412e+00
-2.270030059344126973e-03
4.885080842899279929e+01
5.685398298926094718e+00
-4.997227873699427114e+00
-3.277619466460982345e+00
-3.277619466460982345e+00
-3.141481080388397462e+00
3.133937442939618734e+00
3.133937442939618734e+00
3.141557034916527602e+00
-4.893528282965645126e-03
3.007536738487542749e+01
6.026900197883280796e+00
-5.128041461050107053e+00
-3.223771612732337477e+00
-3.223771612732337477e+00
-3.141532792487851999e+00
3.145953735864987166e+00
3.145953735864987166e+00
3.141551583017101024e+00
-2.645031695241767747e-03
9.934275269428242794e+00
6.972928010038399904e+00
-5.049661412533183125e+00
-3.208015746579513383e+00
-3.208015746579513383e+00
-3.141493022294540083e+00
3.127772333011188621e+00
3.127772333011188621e+00
3.141786733488554084e+00
-3.904266430544754782e-03
5.399294995364582128e+00
5.399294995364582128e+00
-4.876159257610608755e+00
-3.276334555044941421e+00
-3.276334555044941421e+00
-3.141359098629017410e+00
3.018560437387557194e+00
3.018560437387557194e+00
3.141625685501979515e+00
4.846485345083784667e-03
4.615189713676012673e+01
5.268693404409042991e+00
3.192598759837233402e+00
3.192598759837233402e+00
3.141583181709747485e+00
-4.948064236913657155e+00
-3.196145290432067299e+00
-3.196145290432067299e+00
-3.141419744017194926e+00
-6.014144953901802079e-03
2.449461786690118714e+01
5.737412210291139125e+00
-5.240012023534977637e+00
-3.212474695915607192e+00
-3.212474695915607192e+00
-3.141412343702925991e+00
3.252660922774255781e+00
3.252660922774255781e+00
3.141614456289429480e+00
-3.491827772079638802e-03
2.041840146683495760e+01
6.064257972552279163e+00
-5.440709668308882030e+00
-3.192903819181287517e+00
-3.192903819181287517e+00
-3.141337720934159528e+00
3.191938345330578741e+00
3.191938345330578741e+00
3.141741873647441619e+00
6.538267843277866757e-04
1.287659436965849835e+01
6.820997276868764558e+00
-5.431764691209890472e+00
-3.197949328662613500e+00
-3.197949328662613500e+00
-3.141399841038591045e+00
3.052186285336725646e+00
3.052186285336725646e+00
3.141643629984984365e+00
-2.962448891175904677e-03
1.934326622713107824e+01
5.338662347190549440e+00
3.260495792014606486e+00
3.260495792014606486e+00
3.141593591553437204e+00
-4.519229139216429658e+00
-3.306167706536367934e+00
-3.306167706536367934e+00
-3.141533154583627141e+00
-4.608358210355462982e-03
3.121798717468679740e+01
-4.683253298330561698e+00
-3.308500641241904905e+00
-3.308500641241904905e+00
-3.141475605729203036e+00
5.243819687026605614e+00
3.221927312541336796e+00
3.221927312541336796e+00
3.141636284225280296e+00
-5.794304012168150289e-03
4.662458070937464782e+00
4.662458070937464782e+00
-4.955656963119134950e+00
-3.305756991061124861e+00
-3.305756991061124861e+00
-3.141440981900842200e+00
3.020667872189451320e+00
3.020667872189451320e+00
3.141691752000833837e+00
-2.375372879360251877e-03
-4.516386232882027230e+00
-3.316401387381044508e+00
-3.316401387381044508e+00
-3.141404548840009969e+00
4.500162085775708753e+00
4.500162085775708753e+00
3.195212466010168395e+00
3.195212466010168395e+00
3.141648084989853817e+00
2.613340597979928182e-03
