-1.145548909291010720e+00
1.145548909291010720e+00
-4.936857185963742789e-01
4.936857185963742789e-01
-3.092688073959008577e+00
3.092688073959008577e+00
-1.100530229459077747e+00
1.100530229459077747e+00
-4.975105512930763085e-01
4.975105512930763085e-01
-1.285785618578042300e+00
1.285785618578042300e+00
-5.301445920472015461e-01
5.301445920472015461e-01
-2.799898019826949191e+00
2.799898019826949191e+00
-1.112245849275724341e+00
1.112245849275724341e+00
-5.011324596517242602e-01
5.011324596517242602e-01
-1.176313092244255953e+00
1.176313092244255953e+00
-5.271460225553293855e-01
5.271460225553293855e-01
-3.714411940968985526e+00
3.714411940968985526e+00
-1.158416557199064112e+00
1.158416557199064112e+00
-5.335828900322806545e-01
5.335828900322806545e-01
-1.264864128190621662e+00
1.264864128190621662e+00
-5.370640149370149441e-01
5.370640149370149441e-01
-3.255731742377442117e+00
3.255731742377442117e+00
-9.045656662341887699e-01
9.045656662341887699e-01
-4.326898118718870423e-01
4.326898118718870423e-01
-1.231450755399628560e+00
1.231450755399628560e+00
-5.090729153953273967e-01
5.090729153953273967e-01
-3.018696427247561154e+00
3.018696427247561154e+00
-1.061128566259857076e+00
1.061128566259857076e+00
-4.880650050244186300e-01
4.880650050244186300e-01
-1.057786388557402146e+00
1.057786388557402146e+00
-4.915462372978969263e-01
4.915462372978969263e-01
-2.764447178013293982e+00
2.764447178013293982e+00
-1.130892335142280158e+00
1.130892335142280158e+00
-4.658594201225915166e-01
4.658594201225915166e-01
-1.346558760923559195e+00
1.346558760923559195e+00
-3.946047203403606485e+00
3.946047203403606485e+00
-5.631646190322859846e-01
5.631646190322859846e-01
-1.183893129821906420e+00
1.183893129821906420e+00
-5.361263021343007917e-01
5.361263021343007917e-01
-3.711150729642956225e+00
3.711150729642956225e+00
-1.528124958339330153e+00
1.528124958339330153e+00
-5.639832552049968140e-01
5.639832552049968140e-01
-1.299730357305504569e+00
1.299730357305504569e+00
-5.218950396946816506e-01
5.218950396946816506e-01
-1.070678891612693473e+00
1.070678891612693473e+00
-4.528280356166231035e-01
4.528280356166231035e-01
-2.893248916305397600e+00
2.893248916305397600e+00
-1.102758092071069784e+00
1.102758092071069784e+00
-4.863906130109329484e-01
4.863906130109329484e-01
-1.239605135148645454e+00
1.239605135148645454e+00
-5.547613031496690938e-01
5.547613031496690938e-01
-2.966123021452927500e+00
2.966123021452927500e+00
-1.106711698171800151e+00
1.106711698171800151e+00
-5.113802012770245486e-01
5.113802012770245486e-01
-1.332249204638744633e+00
1.332249204638744633e+00
-5.187577333394589596e-01
5.187577333394589596e-01
-3.331246633036357263e+00
3.331246633036357263e+00
-1.100550281896198523e+00
1.100550281896198523e+00
-4.703891328172784547e-01
4.703891328172784547e-01
-1.167663532095109646e+00
1.167663532095109646e+00
-5.174932872911569559e-01
5.174932872911569559e-01
-3.085620952526089589e+00
3.085620952526089589e+00
-1.159320398292703391e+00
1.159320398292703391e+00
-4.723886926143512910e-01
4.723886926143512910e-01
-1.704123722333020119e+00
1.704123722333020119e+00
-5.976079740053604761e-01
5.976079740053604761e-01
-3.306620184828820808e+00
3.306620184828820808e+00
-1.545881506148972351e+00
1.545881506148972351e+00
-5.727826859620637201e-01
5.727826859620637201e-01
-1.178652527118890347e+00
1.178652527118890347e+00
-5.110174967036990035e-01
5.110174967036990035e-01
-3.222988847362807441e+00
3.222988847362807441e+00
-1.155714714356370187e+00
1.155714714356370187e+00
-4.777950869305123693e-01
4.777950869305123693e-01
-3.582008621346294053e+00
3.582008621346294053e+00
-1.040809718475445456e+00
1.040809718475445456e+00
-5.351055441824744685e-01
5.351055441824744685e-01
-1.329561427437133236e+00
1.329561427437133236e+00
-5.233981873435925580e-01
5.233981873435925580e-01
-1.308823553343996249e+00
1.308823553343996249e+00
-5.318114250337013793e-01
5.318114250337013793e-01
-3.388160401128682775e+00
3.388160401128682775e+00
-1.230808313565687095e+00
1.230808313565687095e+00
-5.204564285346546804e-01
5.204564285346546804e-01
-1.459015879290968210e+00
1.459015879290968210e+00
-5.384914202269929229e-01
5.384914202269929229e-01
-3.196095447369568188e+00
3.196095447369568188e+00
-1.212150249393693091e+00
1.212150249393693091e+00
-5.297139359845938200e-01
5.297139359845938200e-01
-1.105158608492540218e+00
1.105158608492540218e+00
-5.407683351142603678e-01
5.407683351142603678e-01
-2.786018294203218115e+00
2.786018294203218115e+00
-1.103670278470338273e+00
1.103670278470338273e+00
-4.146084146389092950e-01
4.146084146389092950e-01
-3.874105413337219250e+00
3.874105413337219250e+00
-1.104348148631926874e+00
1.104348148631926874e+00
-5.429738438961606573e-01
5.429738438961606573e-01
-1.260483569911644786e+00
1.260483569911644786e+00
-5.308849173629267559e-01
5.308849173629267559e-01
-1.225928347008660602e+00
1.225928347008660602e+00
-5.820548601440143077e-01
5.820548601440143077e-01
-2.911945656395662052e+00
2.911945656395662052e+00
-1.249939645725119730e+00
1.249939645725119730e+00
-4.941873069205623414e-01
4.941873069205623414e-01
-1.052985747873277145e+00
1.052985747873277145e+00
-5.432064214675934588e-01
5.432064214675934588e-01
-3.449876473793060505e+00
3.449876473793060505e+00
-1.176429306192261048e+00
1.176429306192261048e+00
-5.172981864242914840e-01
5.172981864242914840e-01
-1.362392857697857451e+00
1.362392857697857451e+00
-5.205197499638786196e-01
5.205197499638786196e-01
-3.428982646949542801e+00
3.428982646949542801e+00
-1.371190159424125588e+00
1.371190159424125588e+00
-5.569992583397684882e-01
5.569992583397684882e-01
-1.273799005673444951e+00
1.273799005673444951e+00
-5.230806718539672273e-01
5.230806718539672273e-01
-3.364462553275138657e+00
3.364462553275138657e+00
-1.263769455061401148e+00
1.263769455061401148e+00
-4.976749034514476588e-01
4.976749034514476588e-01
-1.184273008264377758e+00
1.184273008264377758e+00
-5.099610051896326102e-01
5.099610051896326102e-01
-3.064901826842310939e+00
3.064901826842310939e+00
-1.130724465097722620e+00
1.130724465097722620e+00
-5.004961513044368093e-01
5.004961513044368093e-01
-1.166979293495066017e+00
1.166979293495066017e+00
-5.376190835787841849e-01
5.376190835787841849e-01
-3.627202404895193411e+00
3.627202404895193411e+00
-1.098248184357663026e+00
1.098248184357663026e+00
-5.093267580948810380e-01
5.093267580948810380e-01
-1.172154432550803538e+00
1.172154432550803538e+00
-4.870800355786690239e-01
4.870800355786690239e-01
-3.131219773566377818e+00
3.131219773566377818e+00
-1.245088855070336287e+00
1.245088855070336287e+00
-5.429898849208922851e-01
5.429898849208922851e-01
-4.085206127633659534e+00
4.085206127633659534e+00
-1.588348223735252418e+00
1.588348223735252418e+00
-5.427123601270853470e-01
5.427123601270853470e-01
-1.344389872980008338e+00
1.344389872980008338e+00
-5.379343027929474053e-01
5.379343027929474053e-01
-1.308482941349750517e+00
1.308482941349750517e+00
-5.435612746959461727e-01
5.435612746959461727e-01
-3.046860880053002152e+00
3.046860880053002152e+00
-1.134308177243924742e+00
1.134308177243924742e+00
-4.901812262312087443e-01
4.901812262312087443e-01
-1.195215446460521358e+00
1.195215446460521358e+00
-5.015761505474456428e-01
5.015761505474456428e-01
-3.007405838010155819e+00
3.007405838010155819e+00
-1.122612781109505464e+00
1.122612781109505464e+00
-4.788264868358506621e-01
4.788264868358506621e-01
-1.154310249575304148e+00
1.154310249575304148e+00
-5.196431251204238766e-01
5.196431251204238766e-01
-2.923567029862792932e+00
2.923567029862792932e+00
-8.955359600244920948e-01
8.955359600244920948e-01
-4.487192779411998123e-01
4.487192779411998123e-01
-1.369850665060963868e+00
1.369850665060963868e+00
-5.207139075788972393e-01
5.207139075788972393e-01
-3.640146996742285701e+00
3.640146996742285701e+00
-1.194795969389315538e+00
1.194795969389315538e+00
-5.078197905312719085e-01
5.078197905312719085e-01
-9.435499192683187708e-01
9.435499192683187708e-01
-4.074311238962151194e+00
4.074311238962151194e+00
-5.547287101128975939e-01
5.547287101128975939e-01
-1.093285335684092141e+00
1.093285335684092141e+00
-4.885204533008235539e-01
4.885204533008235539e-01
-1.150939804857153526e+00
1.150939804857153526e+00
-4.874477453110159786e-01
4.874477453110159786e-01
-2.805241332957495892e+00
2.805241332957495892e+00
-1.110691565616113818e+00
1.110691565616113818e+00
-5.038010806158368382e-01
5.038010806158368382e-01
-1.375186933162309222e+00
1.375186933162309222e+00
-5.396513337231008123e-01
5.396513337231008123e-01
-3.382739532311320296e+00
3.382739532311320296e+00
-1.081859698562486427e+00
1.081859698562486427e+00
-4.571655504983006546e-01
4.571655504983006546e-01
-1.193653327081286575e+00
1.193653327081286575e+00
-5.106492723483182505e-01
5.106492723483182505e-01
-2.889803727160953351e+00
2.889803727160953351e+00
-1.073487590707184802e+00
1.073487590707184802e+00
-4.505499000350957073e-01
4.505499000350957073e-01
-1.140352545316470456e+00
1.140352545316470456e+00
-5.125912262236692607e-01
5.125912262236692607e-01
-2.718282934279431018e+00
2.718282934279431018e+00
-1.100418818553041467e+00
1.100418818553041467e+00
-4.820642229759031783e-01
4.820642229759031783e-01
-1.159684255154076027e+00
1.159684255154076027e+00
-5.438553570832161954e-01
5.438553570832161954e-01
-2.925686562976376415e+00
2.925686562976376415e+00
-1.210787824076654751e+00
1.210787824076654751e+00
-5.161393449611625384e-01
5.161393449611625384e-01
-1.043914303059883641e+00
1.043914303059883641e+00
-4.701058437443651483e-01
4.701058437443651483e-01
-2.856254439873430417e+00
2.856254439873430417e+00
-1.127514091424703491e+00
1.127514091424703491e+00
-4.596649547657673529e-01
4.596649547657673529e-01
-1.363146500286470220e+00
1.363146500286470220e+00
-5.258166444279622764e-01
5.258166444279622764e-01
-3.379656802287499318e+00
3.379656802287499318e+00
-1.345793731706298457e+00
1.345793731706298457e+00
-5.285305981468619851e-01
5.285305981468619851e-01
-1.354620580672046604e+00
1.354620580672046604e+00
-5.114562859313775967e-01
5.114562859313775967e-01
-3.321180445988287655e+00
3.321180445988287655e+00
-1.316267429029768010e+00
1.316267429029768010e+00
-5.513835001824339832e-01
5.513835001824339832e-01
-1.205700368222546226e+00
1.205700368222546226e+00
-5.508158902756906672e-01
5.508158902756906672e-01
-3.128754842283847371e+00
3.128754842283847371e+00
-1.166384401643499436e+00
1.166384401643499436e+00
-5.282554759225710495e-01
5.282554759225710495e-01
-1.101561664558553089e+00
1.101561664558553089e+00
-4.818465765168715165e-01
4.818465765168715165e-01
-3.150300197615899744e+00
3.150300197615899744e+00
-1.148352384151888561e+00
1.148352384151888561e+00
-4.736804540364344396e-01
4.736804540364344396e-01
-4.510013301601766500e+00
4.510013301601766500e+00
-1.263228747108389838e+00
1.263228747108389838e+00
-5.046862474083161354e-01
5.046862474083161354e-01
-1.319190066402431638e+00
1.319190066402431638e+00
-5.085838961218992482e-01
5.085838961218992482e-01
-3.981781955662372141e+00
3.981781955662372141e+00
-1.368403483759310424e+00
1.368403483759310424e+00
-5.290413975911546496e-01
5.290413975911546496e-01
-1.221353061332995482e+00
1.221353061332995482e+00
-5.001518683303222135e-01
5.001518683303222135e-01
-1.241510237345470724e+00
1.241510237345470724e+00
-5.242888670775589510e-01
5.242888670775589510e-01
-3.100361839197647740e+00
3.100361839197647740e+00
-1.042057146179739435e+00
1.042057146179739435e+00
-4.918202218435862583e-01
4.918202218435862583e-01
-1.286042482237799156e+00
1.286042482237799156e+00
-5.011946348472468005e-01
5.011946348472468005e-01
-3.518231974686765184e+00
3.518231974686765184e+00
-1.193443400709585767e+00
1.193443400709585767e+00
-5.094594869390020042e-01
5.094594869390020042e-01
-1.245646896902948164e+00
1.245646896902948164e+00
-4.898154595955222512e-01
4.898154595955222512e-01
-3.182828254301850457e+00
3.182828254301850457e+00
-1.129083842444415176e+00
1.129083842444415176e+00
-5.344546161385773653e-01
5.344546161385773653e-01
-1.009560666910114257e+00
1.009560666910114257e+00
-5.428569905303559651e-01
5.428569905303559651e-01
-3.273857489508320118e+00
3.273857489508320118e+00
-9.720295190529305573e-01
9.720295190529305573e-01
-4.760722524943533651e-01
4.760722524943533651e-01
-1.145548909291010720e+00
1.145548909291010720e+00
-4.936857185963742789e-01
4.936857185963742789e-01
-3.092688073959008577e+00
3.092688073959008577e+00
-1.100530229459077747e+00
1.100530229459077747e+00
-4.975105512930763085e-01
4.975105512930763085e-01
-4.012361546044866500e+00
4.012361546044866500e+00
-1.569547890899443354e+00
1.569547890899443354e+00
-5.516399348457808882e-01
5.516399348457808882e-01
-1.322106204027396092e+00
1.322106204027396092e+00
-5.525584323389338692e-01
5.525584323389338692e-01
-1.228459727846894722e+00
1.228459727846894722e+00
-5.442938636940161112e-01
5.442938636940161112e-01
-2.828721090483121259e+00
2.828721090483121259e+00
-1.168604829755461427e+00
1.168604829755461427e+00
-4.968451245974703778e-01
4.968451245974703778e-01
-1.236327205927912232e+00
1.236327205927912232e+00
-5.272875482694926452e-01
5.272875482694926452e-01
-3.040988555882718991e+00
3.040988555882718991e+00
-1.152081710794436553e+00
1.152081710794436553e+00
-4.919153788360355328e-01
4.919153788360355328e-01
-1.489562360921993678e+00
1.489562360921993678e+00
-5.510087596207550176e-01
5.510087596207550176e-01
-3.740206458337614226e+00
3.740206458337614226e+00
-1.240074574268789975e+00
1.240074574268789975e+00
-5.356620096680646537e-01
5.356620096680646537e-01
-1.311473568117664357e+00
1.311473568117664357e+00
-5.026700924911016166e-01
5.026700924911016166e-01
-3.194148342599139490e+00
3.194148342599139490e+00
-1.130585424631436409e+00
1.130585424631436409e+00
-5.314032964154695726e-01
5.314032964154695726e-01
-1.039324809652964587e+00
1.039324809652964587e+00
-4.740758708517578968e-01
4.740758708517578968e-01
-2.984475634042090597e+00
2.984475634042090597e+00
-1.127174463050997666e+00
1.127174463050997666e+00
-4.537637981018090017e-01
4.537637981018090017e-01
-1.135738894325080350e+00
1.135738894325080350e+00
-5.644956380163989040e-01
5.644956380163989040e-01
-3.057130193620174463e+00
3.057130193620174463e+00
-1.116523657590829055e+00
1.116523657590829055e+00
-5.333548650413900694e-01
5.333548650413900694e-01
-1.342616048980509680e+00
1.342616048980509680e+00
-5.046617324699468332e-01
5.046617324699468332e-01
-3.311030965605767928e+00
3.311030965605767928e+00
-1.179016307629447535e+00
1.179016307629447535e+00
-5.424352791793963791e-01
5.424352791793963791e-01
-1.193138285325157311e+00
1.193138285325157311e+00
-5.249787566743180367e-01
5.249787566743180367e-01
-2.864444287937082834e+00
2.864444287937082834e+00
-9.625293020374651176e-01
9.625293020374651176e-01
-4.762297938431541144e-01
4.762297938431541144e-01
-1.330542838855744536e+00
1.330542838855744536e+00
-5.656253220968024964e-01
5.656253220968024964e-01
-3.590035868045101886e+00
3.590035868045101886e+00
-1.207609255761048050e+00
1.207609255761048050e+00
-5.317336094738263075e-01
5.317336094738263075e-01
-1.356988728696894464e+00
1.356988728696894464e+00
-5.072223991723118219e-01
5.072223991723118219e-01
-3.696186455609717481e+00
3.696186455609717481e+00
-1.258316563566281632e+00
1.258316563566281632e+00
-5.558359483623901420e-01
5.558359483623901420e-01
-1.362241099406226397e+00
1.362241099406226397e+00
-5.509473365186698945e-01
5.509473365186698945e-01
-3.186323914201757646e+00
3.186323914201757646e+00
-9.467619400857912870e-01
9.467619400857912870e-01
-4.993318289369923502e-01
4.993318289369923502e-01
-1.417884505498319125e+00
1.417884505498319125e+00
-5.264717610200913001e-01
5.264717610200913001e-01
-3.283981131511330087e+00
3.283981131511330087e+00
-1.211753333489144380e+00
1.211753333489144380e+00
-5.199174052602963947e-01
5.199174052602963947e-01
-1.249925345000032273e+00
1.249925345000032273e+00
-4.894283022910399517e-01
4.894283022910399517e-01
-2.942660877395669505e+00
2.942660877395669505e+00
-1.223914226649130077e+00
1.223914226649130077e+00
-6.120038066674253763e-01
6.120038066674253763e-01
-1.200109025133277996e+00
1.200109025133277996e+00
-4.903456965896108022e-01
4.903456965896108022e-01
-2.958361990516698903e+00
2.958361990516698903e+00
-9.919606022032289028e-01
9.919606022032289028e-01
-4.544416096948846184e-01
4.544416096948846184e-01
-1.369837870470752783e+00
1.369837870470752783e+00
-5.092097719139837553e-01
5.092097719139837553e-01
-3.251781540186373221e+00
3.251781540186373221e+00
-1.096408864898829938e+00
1.096408864898829938e+00
-5.118250159119334119e-01
5.118250159119334119e-01
-1.354935451346588327e+00
1.354935451346588327e+00
-5.488081545620006052e-01
5.488081545620006052e-01
-3.200425294138498078e+00
3.200425294138498078e+00
-1.150945565289837047e+00
1.150945565289837047e+00
-5.779658486487210256e-01
5.779658486487210256e-01
-1.194334281369410666e+00
1.194334281369410666e+00
-4.914435161720970835e-01
4.914435161720970835e-01
-2.862385633588703460e+00
2.862385633588703460e+00
-1.108986633638257446e+00
1.108986633638257446e+00
-5.190677640873694321e-01
5.190677640873694321e-01
-1.327997151098451178e+00
1.327997151098451178e+00
-5.344319052871152609e-01
5.344319052871152609e-01
-3.181933169003669182e+00
3.181933169003669182e+00
-1.142101345709549243e+00
1.142101345709549243e+00
-5.171074850178014604e-01
5.171074850178014604e-01
-1.213420939317520153e+00
1.213420939317520153e+00
-5.110957386017633830e-01
5.110957386017633830e-01
-3.056907491186785730e+00
3.056907491186785730e+00
-1.187993333396627049e+00
1.187993333396627049e+00
-5.228096602705339935e-01
5.228096602705339935e-01
-1.151439808423337707e+00
1.151439808423337707e+00
-5.335569625815842487e-01
5.335569625815842487e-01
-3.051218316467954050e+00
3.051218316467954050e+00
-1.160982007759850498e+00
1.160982007759850498e+00
-4.873164780979722943e-01
4.873164780979722943e-01
-1.164007739188752888e+00
1.164007739188752888e+00
-4.911021230406888982e-01
4.911021230406888982e-01
-3.034530023671694998e+00
3.034530023671694998e+00
-1.158360542678567473e+00
1.158360542678567473e+00
-4.832226411747284622e-01
4.832226411747284622e-01
-9.481664737837078860e-01
9.481664737837078860e-01
-5.256003583899859777e-01
5.256003583899859777e-01
-2.887111844517006087e+00
2.887111844517006087e+00
-1.011091624339338413e+00
1.011091624339338413e+00
-4.437527280617686865e-01
4.437527280617686865e-01
-1.215670692299991362e+00
1.215670692299991362e+00
-4.701087341095855354e-01
4.701087341095855354e-01
-3.087799447858258883e+00
3.087799447858258883e+00
-1.089611730380489085e+00
1.089611730380489085e+00
-4.800767538689755254e-01
4.800767538689755254e-01
-3.845201800159773420e+00
3.845201800159773420e+00
-1.401646674102300150e+00
1.401646674102300150e+00
-5.226460818085586491e-01
5.226460818085586491e-01
-1.446120803102851626e+00
1.446120803102851626e+00
-5.798783776347120611e-01
5.798783776347120611e-01
-1.070920036174592305e+00
1.070920036174592305e+00
-4.984722041032643713e-01
4.984722041032643713e-01
-3.049937957767871577e+00
3.049937957767871577e+00
-1.164028581045241983e+00
1.164028581045241983e+00
-5.201620419784818150e-01
5.201620419784818150e-01
-1.212091673196463715e+00
1.212091673196463715e+00
-5.363811123346696741e-01
5.363811123346696741e-01
-3.021295250702099366e+00
3.021295250702099366e+00
-1.144446650175367397e+00
1.144446650175367397e+00
-5.248028880068221769e-01
5.248028880068221769e-01
-1.349332351462340540e+00
1.349332351462340540e+00
-5.258983782134692975e-01
5.258983782134692975e-01
-3.048668614425148693e+00
3.048668614425148693e+00
-1.155177864128346554e+00
1.155177864128346554e+00
-5.069309689797182328e-01
5.069309689797182328e-01
-1.334533139221712794e+00
1.334533139221712794e+00
-5.416409943101139213e-01
5.416409943101139213e-01
-3.132554394797089081e+00
3.132554394797089081e+00
-1.197687142456910880e+00
1.197687142456910880e+00
-5.236502211340959834e-01
5.236502211340959834e-01
-1.022777669401893963e+00
1.022777669401893963e+00
-4.664454767517973721e-01
4.664454767517973721e-01
-3.092924729534021200e+00
3.092924729534021200e+00
-1.174332770218460276e+00
1.174332770218460276e+00
-5.099001961131272020e-01
5.099001961131272020e-01
-1.196998346318113970e+00
1.196998346318113970e+00
-5.349007798286850024e-01
5.349007798286850024e-01
-2.887889463805227042e+00
2.887889463805227042e+00
-1.324597593173026278e+00
1.324597593173026278e+00
-5.294876789606418610e-01
5.294876789606418610e-01
-1.501517948541922998e+00
1.501517948541922998e+00
-5.431895823600529916e-01
5.431895823600529916e-01
-3.545718741703651755e+00
3.545718741703651755e+00
-1.218614760610726933e+00
1.218614760610726933e+00
-5.086588671380100068e-01
5.086588671380100068e-01
-1.095161439643559387e+00
1.095161439643559387e+00
-4.946906049525570115e-01
4.946906049525570115e-01
-2.909361651499612567e+00
2.909361651499612567e+00
-1.046955604734172818e+00
1.046955604734172818e+00
-4.662226325644621694e-01
4.662226325644621694e-01
-1.198753790630631144e+00
1.198753790630631144e+00
-5.241972709262778807e-01
5.241972709262778807e-01
-2.997668411959562018e+00
2.997668411959562018e+00
-1.207211235694682472e+00
1.207211235694682472e+00
-5.047357891210771941e-01
5.047357891210771941e-01
-1.219426833886608108e+00
1.219426833886608108e+00
-5.358791854549160849e-01
5.358791854549160849e-01
-2.782240352779318027e+00
2.782240352779318027e+00
-1.113571352250672275e+00
1.113571352250672275e+00
-4.937797804380746336e-01
4.937797804380746336e-01
-1.516218436676792569e+00
1.516218436676792569e+00
-5.487579562007778300e-01
5.487579562007778300e-01
-3.664775167863347338e+00
3.664775167863347338e+00
-1.321687448010615329e+00
1.321687448010615329e+00
-5.944522735351194243e-01
5.944522735351194243e-01
-1.272823602909387120e+00
1.272823602909387120e+00
-5.466059758556827131e-01
5.466059758556827131e-01
-3.133186899394917013e+00
3.133186899394917013e+00
-1.206773541733317412e+00
1.206773541733317412e+00
-4.957361987731790376e-01
4.957361987731790376e-01
-1.125792571971405698e+00
1.125792571971405698e+00
-4.998842665468313795e-01
4.998842665468313795e-01
-2.898429635867561860e+00
2.898429635867561860e+00
-1.134902198656627892e+00
1.134902198656627892e+00
-4.671661659157789193e-01
4.671661659157789193e-01
-1.380206566021644266e+00
1.380206566021644266e+00
-5.242485874999991413e-01
5.242485874999991413e-01
-3.393015919013385506e+00
3.393015919013385506e+00
-1.257925714702582853e+00
1.257925714702582853e+00
-5.267064449478867649e-01
5.267064449478867649e-01
-1.314248624399825482e+00
1.314248624399825482e+00
-5.346818654585436814e-01
5.346818654585436814e-01
-3.186590599369090171e+00
3.186590599369090171e+00
-1.081857478471415224e+00
1.081857478471415224e+00
-5.505474092057749402e-01
5.505474092057749402e-01
-3.528949760065188013e+00
3.528949760065188013e+00
-1.329285721217766447e+00
1.329285721217766447e+00
-5.140531626361610762e-01
5.140531626361610762e-01
-1.252161109057776889e+00
1.252161109057776889e+00
-4.848183618135738504e-01
4.848183618135738504e-01
-1.216823786457003509e+00
1.216823786457003509e+00
-5.182592001560532013e-01
5.182592001560532013e-01
-2.837983667831512680e+00
2.837983667831512680e+00
-1.076218877054649026e+00
1.076218877054649026e+00
-4.872602542431731520e-01
4.872602542431731520e-01
-1.125272152288081529e+00
1.125272152288081529e+00
-5.013061635436977248e-01
5.013061635436977248e-01
-2.768709137135794141e+00
2.768709137135794141e+00
-1.158552927090406692e+00
1.158552927090406692e+00
-5.026644247108228436e-01
5.026644247108228436e-01
-1.307168780583250145e+00
1.307168780583250145e+00
-5.361127910351728421e-01
5.361127910351728421e-01
-3.022584105443942182e+00
3.022584105443942182e+00
-1.195542975426158838e+00
1.195542975426158838e+00
-5.359649157521449991e-01
5.359649157521449991e-01
-1.114613086146458043e+00
1.114613086146458043e+00
-5.096367996963300229e-01
5.096367996963300229e-01
-3.294025618223303198e+00
3.294025618223303198e+00
-1.229082090640021052e+00
1.229082090640021052e+00
-5.113957050533562976e-01
5.113957050533562976e-01
-1.363997682318866644e+00
1.363997682318866644e+00
-5.586461355250033067e-01
5.586461355250033067e-01
-3.422191385399164343e+00
3.422191385399164343e+00
-1.307885344695024044e+00
1.307885344695024044e+00
-5.372499898449472067e-01
5.372499898449472067e-01
-1.431649048220309250e+00
1.431649048220309250e+00
-5.565981513723500251e-01
5.565981513723500251e-01
-3.002003285852751890e+00
3.002003285852751890e+00
-1.144472725642027733e+00
1.144472725642027733e+00
-5.525283486450682791e-01
5.525283486450682791e-01
-1.232859075351558031e+00
1.232859075351558031e+00
-5.058886422026463991e-01
5.058886422026463991e-01
-3.423277128543722458e+00
3.423277128543722458e+00
-9.683474941765208843e-01
9.683474941765208843e-01
-4.712895713633198924e-01
4.712895713633198924e-01
