0.000000000000000000e+00
0.000000000000000000e+00
-0.000000000000000000e+00
-5.960701739079785622e-01
5.960701739079785622e-01
-0.000000000000000000e+00
-6.179792956093038692e-01
6.179792956093038692e-01
0.000000000000000000e+00
-0.000000000000000000e+00
-0.000000000000000000e+00
-0.000000000000000000e+00
0.000000000000000000e+00
-7.044687174127102214e-01
7.044687174127102214e-01
0.000000000000000000e+00
-6.241425639315202334e-01
6.241425639315202334e-01
-0.000000000000000000e+00
-0.000000000000000000e+00
0.000000000000000000e+00
-0.000000000000000000e+00
-6.676894699900670638e-01
6.676894699900670638e-01
-0.000000000000000000e+00
0.000000000000000000e+00
-7.051496456329313656e-01
7.051496456329313656e-01
0.000000000000000000e+00
-0.000000000000000000e+00
-1.253155518262919044e+00
1.253155518262919044e+00
-0.000000000000000000e+00
-7.137847712474590933e-01
7.137847712474590933e-01
-0.000000000000000000e+00
-4.816955973358988397e-01
4.816955973358988397e-01
0.000000000000000000e+00
0.000000000000000000e+00
0.000000000000000000e+00
0.000000000000000000e+00
-0.000000000000000000e+00
-6.521039734608774507e-01
6.521039734608774507e-01
-0.000000000000000000e+00
-5.824944125535519435e-01
5.824944125535519435e-01
0.000000000000000000e+00
-0.000000000000000000e+00
0.000000000000000000e+00
0.000000000000000000e+00
-0.000000000000000000e+00
-5.923152918852252480e-01
5.923152918852252480e-01
0.000000000000000000e+00
-5.676126638908427502e-01
5.676126638908427502e-01
-0.000000000000000000e+00
-0.000000000000000000e+00
-0.000000000000000000e+00
-7.928672424208118574e-01
7.928672424208118574e-01
-0.000000000000000000e+00
-1.825711594773067992e+00
1.825711594773067992e+00
-6.874167880824113563e-01
6.874167880824113563e-01
0.000000000000000000e+00
0.000000000000000000e+00
0.000000000000000000e+00
-0.000000000000000000e+00
-8.217186144941951431e-01
8.217186144941951431e-01
-0.000000000000000000e+00
0.000000000000000000e+00
-6.856277368772002445e-01
6.856277368772002445e-01
0.000000000000000000e+00
-0.000000000000000000e+00
0.000000000000000000e+00
0.000000000000000000e+00
-0.000000000000000000e+00
-5.436747913262360843e-01
5.436747913262360843e-01
-0.000000000000000000e+00
-5.974680309745696860e-01
5.974680309745696860e-01
0.000000000000000000e+00
-0.000000000000000000e+00
-0.000000000000000000e+00
0.000000000000000000e+00
-7.507420975077571113e-01
7.507420975077571113e-01
0.000000000000000000e+00
-0.000000000000000000e+00
-6.423254834690321768e-01
6.423254834690321768e-01
-0.000000000000000000e+00
0.000000000000000000e+00
-1.660075969117598138e+00
1.660075969117598138e+00
-0.000000000000000000e+00
-6.858108029248173310e-01
6.858108029248173310e-01
-0.000000000000000000e+00
-5.691194815533061613e-01
5.691194815533061613e-01
0.000000000000000000e+00
-0.000000000000000000e+00
0.000000000000000000e+00
0.000000000000000000e+00
-0.000000000000000000e+00
-5.793853073937195175e-01
5.793853073937195175e-01
-0.000000000000000000e+00
-6.604631659044610803e-01
6.604631659044610803e-01
0.000000000000000000e+00
-0.000000000000000000e+00
0.000000000000000000e+00
0.000000000000000000e+00
-9.279305297250540763e-01
9.279305297250540763e-01
0.000000000000000000e+00
-0.000000000000000000e+00
-8.318556579659572847e-01
8.318556579659572847e-01
-0.000000000000000000e+00
-0.000000000000000000e+00
-0.000000000000000000e+00
0.000000000000000000e+00
-6.479724461013621761e-01
6.479724461013621761e-01
0.000000000000000000e+00
-0.000000000000000000e+00
-5.839486876415062033e-01
5.839486876415062033e-01
-0.000000000000000000e+00
-0.000000000000000000e+00
-0.000000000000000000e+00
0.000000000000000000e+00
-7.023542098783237542e-01
7.023542098783237542e-01
0.000000000000000000e+00
-0.000000000000000000e+00
-6.912142913809922184e-01
6.912142913809922184e-01
-0.000000000000000000e+00
-0.000000000000000000e+00
0.000000000000000000e+00
0.000000000000000000e+00
-0.000000000000000000e+00
-6.949948504326453058e-01
6.949948504326453058e-01
-0.000000000000000000e+00
-6.721832191959077329e-01
6.721832191959077329e-01
0.000000000000000000e+00
-0.000000000000000000e+00
-2.549964801888710220e+00
2.549964801888710220e+00
-0.000000000000000000e+00
-7.269690151655281429e-01
7.269690151655281429e-01
-0.000000000000000000e+00
-6.945490495443474854e-01
6.945490495443474854e-01
0.000000000000000000e+00
0.000000000000000000e+00
0.000000000000000000e+00
0.000000000000000000e+00
-0.000000000000000000e+00
-4.886533809182111998e-01
4.886533809182111998e-01
-0.000000000000000000e+00
-6.682818722580778914e-01
6.682818722580778914e-01
0.000000000000000000e+00
0.000000000000000000e+00
0.000000000000000000e+00
-0.000000000000000000e+00
-6.975135619713551671e-01
6.975135619713551671e-01
-0.000000000000000000e+00
0.000000000000000000e+00
-7.108232904717292078e-01
7.108232904717292078e-01
0.000000000000000000e+00
0.000000000000000000e+00
0.000000000000000000e+00
0.000000000000000000e+00
-0.000000000000000000e+00
-6.342259933348474155e-01
6.342259933348474155e-01
-0.000000000000000000e+00
-7.738213239924242037e-01
7.738213239924242037e-01
0.000000000000000000e+00
-0.000000000000000000e+00
-0.000000000000000000e+00
0.000000000000000000e+00
-6.771312598563291596e-01
6.771312598563291596e-01
0.000000000000000000e+00
-0.000000000000000000e+00
-6.724057692585512225e-01
6.724057692585512225e-01
-0.000000000000000000e+00
-0.000000000000000000e+00
-0.000000000000000000e+00
0.000000000000000000e+00
-6.993894606986978957e-01
6.993894606986978957e-01
0.000000000000000000e+00
-0.000000000000000000e+00
-7.633400840120015962e-01
7.633400840120015962e-01
-0.000000000000000000e+00
-0.000000000000000000e+00
0.000000000000000000e+00
0.000000000000000000e+00
-0.000000000000000000e+00
-6.839107396105978953e-01
6.839107396105978953e-01
-0.000000000000000000e+00
-6.350194316133564998e-01
6.350194316133564998e-01
0.000000000000000000e+00
-0.000000000000000000e+00
0.000000000000000000e+00
-0.000000000000000000e+00
-6.472776987505349799e-01
6.472776987505349799e-01
-0.000000000000000000e+00
0.000000000000000000e+00
-6.169331260222555846e-01
6.169331260222555846e-01
0.000000000000000000e+00
-0.000000000000000000e+00
-1.328722848186803196e+00
1.328722848186803196e+00
-0.000000000000000000e+00
-7.006907033999819623e-01
7.006907033999819623e-01
-0.000000000000000000e+00
-6.385568942535025938e-01
6.385568942535025938e-01
0.000000000000000000e+00
-0.000000000000000000e+00
-0.000000000000000000e+00
-0.000000000000000000e+00
0.000000000000000000e+00
-5.993149476874181092e-01
5.993149476874181092e-01
0.000000000000000000e+00
-7.094840370232656790e-01
7.094840370232656790e-01
-0.000000000000000000e+00
-0.000000000000000000e+00
0.000000000000000000e+00
-0.000000000000000000e+00
-7.550215252364267382e-01
7.550215252364267382e-01
-0.000000000000000000e+00
0.000000000000000000e+00
-7.268937377063451333e-01
7.268937377063451333e-01
0.000000000000000000e+00
-0.000000000000000000e+00
-1.937789868191719833e+00
1.937789868191719833e+00
-0.000000000000000000e+00
-7.264591616545753583e-01
7.264591616545753583e-01
-0.000000000000000000e+00
-6.150234866729564764e-01
6.150234866729564764e-01
0.000000000000000000e+00
-0.000000000000000000e+00
0.000000000000000000e+00
0.000000000000000000e+00
-0.000000000000000000e+00
-6.250918144444684854e-01
6.250918144444684854e-01
-0.000000000000000000e+00
-5.850275697191965607e-01
5.850275697191965607e-01
0.000000000000000000e+00
0.000000000000000000e+00
-0.000000000000000000e+00
-6.264365782422031126e-01
6.264365782422031126e-01
-0.000000000000000000e+00
-1.968632719179164381e+00
1.968632719179164381e+00
-5.116105554312470050e-01
5.116105554312470050e-01
0.000000000000000000e+00
0.000000000000000000e+00
0.000000000000000000e+00
-0.000000000000000000e+00
-6.964469969135724803e-01
6.964469969135724803e-01
-0.000000000000000000e+00
0.000000000000000000e+00
-6.411309817822284929e-01
6.411309817822284929e-01
0.000000000000000000e+00
0.000000000000000000e+00
-6.050342139765588767e-01
6.050342139765588767e-01
-0.000000000000000000e+00
-7.776801947238908275e-01
7.776801947238908275e-01
-0.000000000000000000e+00
-6.027747040220630126e-01
6.027747040220630126e-01
0.000000000000000000e+00
-0.000000000000000000e+00
0.000000000000000000e+00
0.000000000000000000e+00
-0.000000000000000000e+00
-6.064923582454889717e-01
6.064923582454889717e-01
-0.000000000000000000e+00
-6.150171209823812601e-01
6.150171209823812601e-01
0.000000000000000000e+00
-0.000000000000000000e+00
-1.928497478539440646e+00
1.928497478539440646e+00
-0.000000000000000000e+00
-7.386049417497114744e-01
7.386049417497114744e-01
-0.000000000000000000e+00
-5.576109289014909987e-01
5.576109289014909987e-01
0.000000000000000000e+00
-0.000000000000000000e+00
0.000000000000000000e+00
0.000000000000000000e+00
-0.000000000000000000e+00
-6.542489281481830288e-01
6.542489281481830288e-01
-0.000000000000000000e+00
-5.318260411938777743e-01
5.318260411938777743e-01
0.000000000000000000e+00
0.000000000000000000e+00
0.000000000000000000e+00
0.000000000000000000e+00
-0.000000000000000000e+00
-6.518798558669655074e-01
6.518798558669655074e-01
-0.000000000000000000e+00
-5.923246921973843726e-01
5.923246921973843726e-01
0.000000000000000000e+00
0.000000000000000000e+00
-0.000000000000000000e+00
-0.000000000000000000e+00
0.000000000000000000e+00
-7.076674764329400347e-01
7.076674764329400347e-01
0.000000000000000000e+00
-6.644119504747008076e-01
6.644119504747008076e-01
-0.000000000000000000e+00
0.000000000000000000e+00
0.000000000000000000e+00
0.000000000000000000e+00
-0.000000000000000000e+00
-0.000000000000000000e+00
-5.522680382992345427e-01
5.522680382992345427e-01
-5.662774094060372132e-01
5.662774094060372132e-01
0.000000000000000000e+00
-0.000000000000000000e+00
-0.000000000000000000e+00
-0.000000000000000000e+00
0.000000000000000000e+00
-6.980822453580449727e-01
6.980822453580449727e-01
0.000000000000000000e+00
-7.131703494682729572e-01
7.131703494682729572e-01
-0.000000000000000000e+00
-0.000000000000000000e+00
0.000000000000000000e+00
0.000000000000000000e+00
-0.000000000000000000e+00
-6.728399891015686141e-01
6.728399891015686141e-01
-0.000000000000000000e+00
-7.524246265121982136e-01
7.524246265121982136e-01
0.000000000000000000e+00
-0.000000000000000000e+00
-0.000000000000000000e+00
0.000000000000000000e+00
-6.814313835978839107e-01
6.814313835978839107e-01
0.000000000000000000e+00
-0.000000000000000000e+00
-7.438406011712661581e-01
7.438406011712661581e-01
-0.000000000000000000e+00
-0.000000000000000000e+00
0.000000000000000000e+00
-0.000000000000000000e+00
-5.696028093269361881e-01
5.696028093269361881e-01
-0.000000000000000000e+00
0.000000000000000000e+00
-5.938236155156150220e-01
5.938236155156150220e-01
0.000000000000000000e+00
0.000000000000000000e+00
0.000000000000000000e+00
0.000000000000000000e+00
-6.617456792033566959e-01
6.617456792033566959e-01
0.000000000000000000e+00
-0.000000000000000000e+00
-6.318872103718145006e-01
6.318872103718145006e-01
-0.000000000000000000e+00
-0.000000000000000000e+00
0.000000000000000000e+00
0.000000000000000000e+00
-0.000000000000000000e+00
-6.882006606690402872e-01
6.882006606690402872e-01
-0.000000000000000000e+00
-6.374030991310163374e-01
6.374030991310163374e-01
0.000000000000000000e+00
0.000000000000000000e+00
0.000000000000000000e+00
-0.000000000000000000e+00
-6.902559674276627089e-01
6.902559674276627089e-01
-0.000000000000000000e+00
0.000000000000000000e+00
-5.993304220116258962e-01
5.993304220116258962e-01
0.000000000000000000e+00
-0.000000000000000000e+00
0.000000000000000000e+00
-0.000000000000000000e+00
-6.341124433482902001e-01
6.341124433482902001e-01
-0.000000000000000000e+00
0.000000000000000000e+00
-6.496536822389784582e-01
6.496536822389784582e-01
0.000000000000000000e+00
-0.000000000000000000e+00
0.000000000000000000e+00
-0.000000000000000000e+00
-6.199335460200146031e-01
6.199335460200146031e-01
-0.000000000000000000e+00
0.000000000000000000e+00
-6.957330939074288789e-01
6.957330939074288789e-01
0.000000000000000000e+00
-0.000000000000000000e+00
-0.000000000000000000e+00
-6.890527773396648570e-01
6.890527773396648570e-01
-0.000000000000000000e+00
-1.836849102132646960e+00
1.836849102132646960e+00
-5.638352720646864213e-01
5.638352720646864213e-01
0.000000000000000000e+00
-0.000000000000000000e+00
0.000000000000000000e+00
0.000000000000000000e+00
-0.000000000000000000e+00
-5.960701739079785622e-01
5.960701739079785622e-01
-0.000000000000000000e+00
-6.179792956093038692e-01
6.179792956093038692e-01
0.000000000000000000e+00
-0.000000000000000000e+00
0.000000000000000000e+00
0.000000000000000000e+00
-7.538139341745190292e-01
7.538139341745190292e-01
0.000000000000000000e+00
-0.000000000000000000e+00
-7.969425058742504175e-01
7.969425058742504175e-01
-0.000000000000000000e+00
-0.000000000000000000e+00
-0.000000000000000000e+00
0.000000000000000000e+00
-0.000000000000000000e+00
-7.304343397887820277e-01
7.304343397887820277e-01
-0.000000000000000000e+00
-6.252214350580914681e-01
6.252214350580914681e-01
0.000000000000000000e+00
-0.000000000000000000e+00
0.000000000000000000e+00
0.000000000000000000e+00
-0.000000000000000000e+00
-6.883489962435344056e-01
6.883489962435344056e-01
-0.000000000000000000e+00
-6.013248270671641693e-01
6.013248270671641693e-01
0.000000000000000000e+00
-0.000000000000000000e+00
-1.061047963737741462e+00
1.061047963737741462e+00
-0.000000000000000000e+00
-7.646776924497755701e-01
7.646776924497755701e-01
-0.000000000000000000e+00
-7.146207438328444628e-01
7.146207438328444628e-01
0.000000000000000000e+00
-0.000000000000000000e+00
0.000000000000000000e+00
-0.000000000000000000e+00
-6.479183359642840534e-01
6.479183359642840534e-01
-0.000000000000000000e+00
0.000000000000000000e+00
-6.961488447670527435e-01
6.961488447670527435e-01
0.000000000000000000e+00
-0.000000000000000000e+00
-1.404327751959161263e+00
1.404327751959161263e+00
-0.000000000000000000e+00
-5.476523993271462665e-01
5.476523993271462665e-01
-0.000000000000000000e+00
-5.666384968520185028e-01
5.666384968520185028e-01
0.000000000000000000e+00
-0.000000000000000000e+00
0.000000000000000000e+00
-0.000000000000000000e+00
-7.424866105176268771e-01
7.424866105176268771e-01
-0.000000000000000000e+00
0.000000000000000000e+00
-6.892515824458969043e-01
6.892515824458969043e-01
0.000000000000000000e+00
-0.000000000000000000e+00
-1.738415923392588214e+00
1.738415923392588214e+00
-0.000000000000000000e+00
-6.562756695118265871e-01
6.562756695118265871e-01
-0.000000000000000000e+00
-6.949360465115385077e-01
6.949360465115385077e-01
0.000000000000000000e+00
-0.000000000000000000e+00
-1.016625913704785944e+00
1.016625913704785944e+00
-0.000000000000000000e+00
-6.678393408030407485e-01
6.678393408030407485e-01
-0.000000000000000000e+00
-5.417613443611656310e-01
5.417613443611656310e-01
0.000000000000000000e+00
0.000000000000000000e+00
-1.234295548216525207e+00
1.234295548216525207e+00
-0.000000000000000000e+00
-8.225347587667773963e-01
8.225347587667773963e-01
-0.000000000000000000e+00
-6.989780626463597546e-01
6.989780626463597546e-01
0.000000000000000000e+00
0.000000000000000000e+00
-1.264845324421834727e+00
1.264845324421834727e+00
-0.000000000000000000e+00
-6.540068701687561381e-01
6.540068701687561381e-01
-0.000000000000000000e+00
-7.440858945454451590e-01
7.440858945454451590e-01
0.000000000000000000e+00
-0.000000000000000000e+00
-0.000000000000000000e+00
-7.396664284218749108e-01
7.396664284218749108e-01
-0.000000000000000000e+00
-1.776656617687928819e+00
1.776656617687928819e+00
-5.879560345860518344e-01
5.879560345860518344e-01
0.000000000000000000e+00
0.000000000000000000e+00
-1.572856984574352968e+00
1.572856984574352968e+00
-0.000000000000000000e+00
-7.093929766305757667e-01
7.093929766305757667e-01
-0.000000000000000000e+00
-6.762315962607169384e-01
6.762315962607169384e-01
0.000000000000000000e+00
-0.000000000000000000e+00
0.000000000000000000e+00
0.000000000000000000e+00
-0.000000000000000000e+00
-6.227174898864513697e-01
6.227174898864513697e-01
-0.000000000000000000e+00
-8.004712680201795383e-01
8.004712680201795383e-01
0.000000000000000000e+00
-0.000000000000000000e+00
0.000000000000000000e+00
-0.000000000000000000e+00
-6.118829396703254764e-01
6.118829396703254764e-01
-0.000000000000000000e+00
0.000000000000000000e+00
-5.338677551248677267e-01
5.338677551248677267e-01
0.000000000000000000e+00
0.000000000000000000e+00
-9.756702812290105609e-01
9.756702812290105609e-01
-0.000000000000000000e+00
-6.659428064841110828e-01
6.659428064841110828e-01
-0.000000000000000000e+00
-6.470885484470266791e-01
6.470885484470266791e-01
0.000000000000000000e+00
0.000000000000000000e+00
-2.633150357806927300e+00
2.633150357806927300e+00
-0.000000000000000000e+00
-7.502617981954827764e-01
7.502617981954827764e-01
-0.000000000000000000e+00
-7.352764397028932475e-01
7.352764397028932475e-01
0.000000000000000000e+00
-0.000000000000000000e+00
-1.379270332680404776e+00
1.379270332680404776e+00
-0.000000000000000000e+00
-6.152563878004509990e-01
6.152563878004509990e-01
-0.000000000000000000e+00
-6.518972771363044094e-01
6.518972771363044094e-01
0.000000000000000000e+00
-0.000000000000000000e+00
-1.946422230145795851e+00
1.946422230145795851e+00
-0.000000000000000000e+00
-7.110437175459830561e-01
7.110437175459830561e-01
-0.000000000000000000e+00
-6.544039975234902107e-01
6.544039975234902107e-01
0.000000000000000000e+00
-0.000000000000000000e+00
0.000000000000000000e+00
0.000000000000000000e+00
-0.000000000000000000e+00
-6.516636650431586464e-01
6.516636650431586464e-01
-0.000000000000000000e+00
-6.675582974628477828e-01
6.675582974628477828e-01
0.000000000000000000e+00
0.000000000000000000e+00
0.000000000000000000e+00
0.000000000000000000e+00
-0.000000000000000000e+00
-6.889134654699423654e-01
6.889134654699423654e-01
-0.000000000000000000e+00
-6.006991864675204074e-01
6.006991864675204074e-01
0.000000000000000000e+00
-0.000000000000000000e+00
-0.000000000000000000e+00
-0.000000000000000000e+00
0.000000000000000000e+00
-6.115114573934852249e-01
6.115114573934852249e-01
0.000000000000000000e+00
-5.985902098582290831e-01
5.985902098582290831e-01
-0.000000000000000000e+00
-0.000000000000000000e+00
-7.910012814429204786e-01
7.910012814429204786e-01
-0.000000000000000000e+00
-6.317605761086750871e-01
6.317605761086750871e-01
-0.000000000000000000e+00
-5.199638931803924891e-01
5.199638931803924891e-01
0.000000000000000000e+00
0.000000000000000000e+00
-2.000738483773999654e+00
2.000738483773999654e+00
-0.000000000000000000e+00
-5.830932737020687595e-01
5.830932737020687595e-01
-0.000000000000000000e+00
-5.779938877792952789e-01
5.779938877792952789e-01
0.000000000000000000e+00
0.000000000000000000e+00
0.000000000000000000e+00
-0.000000000000000000e+00
-6.924799600259654575e-01
6.924799600259654575e-01
-0.000000000000000000e+00
0.000000000000000000e+00
-8.519678528945350271e-01
8.519678528945350271e-01
0.000000000000000000e+00
0.000000000000000000e+00
0.000000000000000000e+00
0.000000000000000000e+00
-0.000000000000000000e+00
-5.922904807264192106e-01
5.922904807264192106e-01
-0.000000000000000000e+00
-6.637715853102318375e-01
6.637715853102318375e-01
0.000000000000000000e+00
-0.000000000000000000e+00
0.000000000000000000e+00
0.000000000000000000e+00
-0.000000000000000000e+00
-7.043366812741893579e-01
7.043366812741893579e-01
-0.000000000000000000e+00
-6.549527525600458144e-01
6.549527525600458144e-01
0.000000000000000000e+00
-0.000000000000000000e+00
-1.450524774781611681e+00
1.450524774781611681e+00
-0.000000000000000000e+00
-7.047127297456899919e-01
7.047127297456899919e-01
-0.000000000000000000e+00
-6.346724270672330359e-01
6.346724270672330359e-01
0.000000000000000000e+00
-0.000000000000000000e+00
0.000000000000000000e+00
0.000000000000000000e+00
-0.000000000000000000e+00
-7.315837980070285518e-01
7.315837980070285518e-01
-0.000000000000000000e+00
-6.648935379461946571e-01
6.648935379461946571e-01
0.000000000000000000e+00
-0.000000000000000000e+00
0.000000000000000000e+00
-0.000000000000000000e+00
-6.317794956387610128e-01
6.317794956387610128e-01
-0.000000000000000000e+00
0.000000000000000000e+00
-5.484389251474057758e-01
5.484389251474057758e-01
0.000000000000000000e+00
0.000000000000000000e+00
-1.156964930462871521e+00
1.156964930462871521e+00
-0.000000000000000000e+00
-7.024160401102663709e-01
7.024160401102663709e-01
-0.000000000000000000e+00
-6.971580121219179693e-01
6.971580121219179693e-01
0.000000000000000000e+00
-0.000000000000000000e+00
-1.129381970025035153e+00
1.129381970025035153e+00
-0.000000000000000000e+00
-7.466933793563045318e-01
7.466933793563045318e-01
-0.000000000000000000e+00
-6.506933222557605978e-01
6.506933222557605978e-01
0.000000000000000000e+00
-0.000000000000000000e+00
0.000000000000000000e+00
0.000000000000000000e+00
-0.000000000000000000e+00
-5.984136577561297576e-01
5.984136577561297576e-01
-0.000000000000000000e+00
-5.527962951415648085e-01
5.527962951415648085e-01
0.000000000000000000e+00
0.000000000000000000e+00
0.000000000000000000e+00
0.000000000000000000e+00
-0.000000000000000000e+00
-6.717685564561138856e-01
6.717685564561138856e-01
-0.000000000000000000e+00
-6.439324087958945286e-01
6.439324087958945286e-01
0.000000000000000000e+00
-0.000000000000000000e+00
0.000000000000000000e+00
0.000000000000000000e+00
-0.000000000000000000e+00
-6.974467886419316587e-01
6.974467886419316587e-01
-0.000000000000000000e+00
-6.142974620048485823e-01
6.142974620048485823e-01
0.000000000000000000e+00
-0.000000000000000000e+00
-1.504649600421122280e+00
1.504649600421122280e+00
-0.000000000000000000e+00
-7.512907039832302791e-01
7.512907039832302791e-01
-0.000000000000000000e+00
-8.174642157194581538e-01
8.174642157194581538e-01
0.000000000000000000e+00
-0.000000000000000000e+00
0.000000000000000000e+00
0.000000000000000000e+00
-0.000000000000000000e+00
-7.325623879900567959e-01
7.325623879900567959e-01
-0.000000000000000000e+00
-6.281610586057169154e-01
6.281610586057169154e-01
0.000000000000000000e+00
-0.000000000000000000e+00
0.000000000000000000e+00
0.000000000000000000e+00
-0.000000000000000000e+00
-6.236335007801857566e-01
6.236335007801857566e-01
-0.000000000000000000e+00
-5.726568862307915841e-01
5.726568862307915841e-01
0.000000000000000000e+00
-0.000000000000000000e+00
0.000000000000000000e+00
0.000000000000000000e+00
-0.000000000000000000e+00
-6.953074691042556710e-01
6.953074691042556710e-01
-0.000000000000000000e+00
-6.906706323292141070e-01
6.906706323292141070e-01
0.000000000000000000e+00
-0.000000000000000000e+00
-2.314046181702589688e+00
2.314046181702589688e+00
-0.000000000000000000e+00
-6.943106702402319641e-01
6.943106702402319641e-01
-0.000000000000000000e+00
-6.704571621807362547e-01
6.704571621807362547e-01
0.000000000000000000e+00
0.000000000000000000e+00
0.000000000000000000e+00
0.000000000000000000e+00
-6.856790243639145910e-01
6.856790243639145910e-01
0.000000000000000000e+00
-0.000000000000000000e+00
-6.101791162957073134e-01
6.101791162957073134e-01
-0.000000000000000000e+00
-0.000000000000000000e+00
0.000000000000000000e+00
0.000000000000000000e+00
-0.000000000000000000e+00
-6.745039784399515792e-01
6.745039784399515792e-01
-0.000000000000000000e+00
-5.893501422785342170e-01
5.893501422785342170e-01
0.000000000000000000e+00
-0.000000000000000000e+00
0.000000000000000000e+00
0.000000000000000000e+00
-0.000000000000000000e+00
-6.303747048909855710e-01
6.303747048909855710e-01
-0.000000000000000000e+00
-6.327619334399671169e-01
6.327619334399671169e-01
0.000000000000000000e+00
0.000000000000000000e+00
0.000000000000000000e+00
0.000000000000000000e+00
-0.000000000000000000e+00
-7.083524596499672921e-01
7.083524596499672921e-01
-0.000000000000000000e+00
-6.859980704858332778e-01
6.859980704858332778e-01
0.000000000000000000e+00
-0.000000000000000000e+00
0.000000000000000000e+00
0.000000000000000000e+00
-6.603838316646147844e-01
6.603838316646147844e-01
0.000000000000000000e+00
-0.000000000000000000e+00
-6.576288941754127038e-01
6.576288941754127038e-01
-0.000000000000000000e+00
-0.000000000000000000e+00
0.000000000000000000e+00
-0.000000000000000000e+00
-7.776330036267709023e-01
7.776330036267709023e-01
-0.000000000000000000e+00
0.000000000000000000e+00
-7.180862872202644631e-01
7.180862872202644631e-01
0.000000000000000000e+00
-0.000000000000000000e+00
-2.816122657282781550e+00
2.816122657282781550e+00
-0.000000000000000000e+00
-7.750737218578160892e-01
7.750737218578160892e-01
-0.000000000000000000e+00
-7.208654376185625878e-01
7.208654376185625878e-01
0.000000000000000000e+00
-0.000000000000000000e+00
-0.000000000000000000e+00
-6.292310651017054557e-01
6.292310651017054557e-01
-0.000000000000000000e+00
-1.713619792228618710e+00
1.713619792228618710e+00
-5.592936118112846744e-01
5.592936118112846744e-01
0.000000000000000000e+00
0.000000000000000000e+00
