-3.653637499443848302e+00
-3.653637499443848302e+00
-3.203021724172520290e+00
-3.203021724172520290e+00
1.071965602840432297e-01
1.071965602840432297e-01
3.473334430492993175e+00
3.473334430492993175e+00
3.159206066413608571e+00
3.159206066413608571e+00
3.275853149482162774e+00
3.275853149482162774e+00
3.128743339218687858e+00
3.128743339218687858e+00
-1.621393112163091454e-01
-1.621393112163091454e-01
-3.305202301173641999e+00
-3.305202301173641999e+00
-3.116968493524185924e+00
-3.116968493524185924e+00
-4.212649871498673093e+00
-4.212649871498673093e+00
-3.207006584058954779e+00
-3.207006584058954779e+00
2.089597544851082844e-01
2.089597544851082844e-01
3.670665500505550849e+00
3.670665500505550849e+00
3.157623323847950303e+00
3.157623323847950303e+00
-3.982273568538117647e+00
-3.982273568538117647e+00
-3.177158755741901430e+00
-3.177158755741901430e+00
3.091128983130247976e-01
3.091128983130247976e-01
3.473425927208533270e+00
3.473425927208533270e+00
3.191515894009216758e+00
3.191515894009216758e+00
-3.587425760732291913e+00
-3.587425760732291913e+00
-3.170287684116579019e+00
-3.170287684116579019e+00
1.659748118501426159e-02
1.659748118501426159e-02
3.296406738064203701e+00
3.296406738064203701e+00
3.083313292054036481e+00
3.083313292054036481e+00
3.457128865718513300e+00
3.457128865718513300e+00
3.189511941388975202e+00
3.189511941388975202e+00
1.244669514500084950e-01
1.244669514500084950e-01
-3.349267753440482220e+00
-3.349267753440482220e+00
-3.145884656696156245e+00
-3.145884656696156245e+00
-4.687232606134327462e+00
-4.687232606134327462e+00
4.955046843097787174e-02
4.955046843097787174e-02
-3.192525511786079573e+00
-3.192525511786079573e+00
3.248747665994893730e+00
3.248747665994893730e+00
3.107521034835691864e+00
3.107521034835691864e+00
-2.088563085079079840e-01
-2.088563085079079840e-01
-4.210378696297493839e+00
-4.210378696297493839e+00
-3.159604129245002113e+00
-3.159604129245002113e+00
3.487803359545653681e+00
3.487803359545653681e+00
3.140743421217518705e+00
3.140743421217518705e+00
-3.523286535655521856e+00
-3.523286535655521856e+00
-3.153782815043657983e+00
-3.153782815043657983e+00
5.296002672635664876e-02
5.296002672635664876e-02
3.302805926419420501e+00
3.302805926419420501e+00
3.120535966667752348e+00
3.120535966667752348e+00
3.844454039265156720e+00
3.844454039265156720e+00
3.178495745409925188e+00
3.178495745409925188e+00
-1.177992790734528304e-02
-1.177992790734528304e-02
-3.549281683254158271e+00
-3.549281683254158271e+00
-3.164837355023658372e+00
-3.164837355023658372e+00
-3.673600081853608312e+00
-3.673600081853608312e+00
-3.148938185770869147e+00
-3.148938185770869147e+00
8.344300914413772807e-02
8.344300914413772807e-02
3.278709916496996613e+00
3.278709916496996613e+00
3.103385839946379843e+00
3.103385839946379843e+00
3.399890358433712123e+00
3.399890358433712123e+00
3.130842961645960099e+00
3.130842961645960099e+00
1.225215370159541267e-01
1.225215370159541267e-01
-3.518820337262720699e+00
-3.518820337262720699e+00
-3.170954482651745288e+00
-3.170954482651745288e+00
3.450162819117132962e+00
3.450162819117132962e+00
3.161802202366766679e+00
3.161802202366766679e+00
7.790708281623977272e-02
7.790708281623977272e-02
-3.418221374407085733e+00
-3.418221374407085733e+00
-3.151239707338310936e+00
-3.151239707338310936e+00
3.681360559942214117e+00
3.681360559942214117e+00
3.186922266083989541e+00
3.186922266083989541e+00
-4.722320930141131468e-02
-4.722320930141131468e-02
-3.523527292974752090e+00
-3.523527292974752090e+00
-3.179019397978161354e+00
-3.179019397978161354e+00
4.387591499889063051e-01
4.387591499889063051e-01
4.279735349167251179e+00
4.279735349167251179e+00
3.196576704956062720e+00
3.196576704956062720e+00
-3.264346399271947252e+00
-3.264346399271947252e+00
-3.107048043902268741e+00
-3.107048043902268741e+00
-3.798985669726197223e+00
-3.798985669726197223e+00
-3.192229369062024702e+00
-3.192229369062024702e+00
8.499654334742670625e-02
8.499654334742670625e-02
3.337034138824507057e+00
3.337034138824507057e+00
3.118251732004979626e+00
3.118251732004979626e+00
-3.435775977589542673e+00
-3.435775977589542673e+00
-3.186656023948874150e+00
-3.186656023948874150e+00
3.509555664407958964e-01
3.509555664407958964e-01
3.258075380846736646e+00
3.258075380846736646e+00
3.139763132703832227e+00
3.139763132703832227e+00
3.210657921719167973e+00
3.210657921719167973e+00
3.086501580929024602e+00
3.086501580929024602e+00
1.276397095638708845e-01
1.276397095638708845e-01
-3.259063885613777245e+00
-3.259063885613777245e+00
-3.127225427560171855e+00
-3.127225427560171855e+00
1.627909922483237737e-01
1.627909922483237737e-01
-4.304781057049556381e+00
-4.304781057049556381e+00
-3.211821670960384623e+00
-3.211821670960384623e+00
3.912404613848907697e+00
3.912404613848907697e+00
3.172195206434029302e+00
3.172195206434029302e+00
3.284903183121054226e+00
3.284903183121054226e+00
3.109269910005677318e+00
3.109269910005677318e+00
2.235865028481734684e-01
2.235865028481734684e-01
-3.313500064735953821e+00
-3.313500064735953821e+00
-3.123501177149774932e+00
-3.123501177149774932e+00
4.065888397293774048e+00
4.065888397293774048e+00
3.211662307778618608e+00
3.211662307778618608e+00
-3.553616795883300372e-01
-3.553616795883300372e-01
-3.689286609419420770e+00
-3.689286609419420770e+00
-3.150404949774100238e+00
-3.150404949774100238e+00
3.619918140777413029e+00
3.619918140777413029e+00
3.161836886515855038e+00
3.161836886515855038e+00
-2.409140160491283489e-01
-2.409140160491283489e-01
-3.474830180368675414e+00
-3.474830180368675414e+00
-3.137201239095243732e+00
-3.137201239095243732e+00
-3.652028447216723706e+00
-3.652028447216723706e+00
-3.166024423542320498e+00
-3.166024423542320498e+00
-1.428061780544806203e-01
-1.428061780544806203e-01
3.302164903893011871e+00
3.302164903893011871e+00
3.138848175277984431e+00
3.138848175277984431e+00
-3.586671061385622306e+00
-3.586671061385622306e+00
-3.175132453290174794e+00
-3.175132453290174794e+00
4.614243144938110636e-02
4.614243144938110636e-02
3.523751900203841547e+00
3.523751900203841547e+00
3.183536621483256113e+00
3.183536621483256113e+00
-4.265323914047897347e+00
-4.265323914047897347e+00
-3.201668516764538008e+00
-3.201668516764538008e+00
3.296221836998910470e-01
3.296221836998910470e-01
3.500562363760490570e+00
3.500562363760490570e+00
3.155132988487059809e+00
3.155132988487059809e+00
3.527297337365169483e+00
3.527297337365169483e+00
3.176024806933803291e+00
3.176024806933803291e+00
-3.485603286028964715e-02
-3.485603286028964715e-02
-3.295346581277725839e+00
-3.295346581277725839e+00
-3.104837762123256351e+00
-3.104837762123256351e+00
3.158176883540003144e-01
3.158176883540003144e-01
-3.854219518559157898e+00
-3.854219518559157898e+00
-3.154426241978909307e+00
-3.154426241978909307e+00
3.500330177163180956e+00
3.500330177163180956e+00
3.138718600722776753e+00
3.138718600722776753e+00
-3.650781226084942155e+00
-3.650781226084942155e+00
-3.162613562621753971e+00
-3.162613562621753971e+00
6.837286035830603126e-02
6.837286035830603126e-02
3.320022954260541059e+00
3.320022954260541059e+00
3.143694956146392716e+00
3.143694956146392716e+00
-3.291974204894299039e+00
-3.291974204894299039e+00
-3.105270097169609667e+00
-3.105270097169609667e+00
1.033799735079486137e-01
1.033799735079486137e-01
3.273350965140533475e+00
3.273350965140533475e+00
3.112595753470846827e+00
3.112595753470846827e+00
-3.684761619789197251e+00
-3.684761619789197251e+00
-3.214410973086938128e+00
-3.214410973086938128e+00
4.440595226470749335e-01
4.440595226470749335e-01
3.388315912256993911e+00
3.388315912256993911e+00
3.168518629814660592e+00
3.168518629814660592e+00
-3.787185165286034216e+00
-3.787185165286034216e+00
-3.157738204116375957e+00
-3.157738204116375957e+00
2.163417336221770404e-01
2.163417336221770404e-01
3.551445047383972931e+00
3.551445047383972931e+00
3.169187560852101626e+00
3.169187560852101626e+00
-4.979041183683070138e+00
-4.979041183683070138e+00
1.419263990235508366e-01
1.419263990235508366e-01
-3.184332328750217211e+00
-3.184332328750217211e+00
3.586133355470710438e+00
3.586133355470710438e+00
3.170547458684568998e+00
3.170547458684568998e+00
-3.354026937308315137e+00
-3.354026937308315137e+00
-3.141666831765400847e+00
-3.141666831765400847e+00
1.091596614869065444e-02
1.091596614869065444e-02
3.290080376288894826e+00
3.290080376288894826e+00
3.127409238364629473e+00
3.127409238364629473e+00
-3.928735763565229799e+00
-3.928735763565229799e+00
-3.162425580561746496e+00
-3.162425580561746496e+00
1.616443177395419373e-01
1.616443177395419373e-01
3.339715954932302555e+00
3.339715954932302555e+00
3.138469136346385913e+00
3.138469136346385913e+00
-3.428976630168623085e+00
-3.428976630168623085e+00
-3.135441435527146492e+00
-3.135441435527146492e+00
4.125768084730672969e-02
4.125768084730672969e-02
3.233038959905083498e+00
3.233038959905083498e+00
3.100166243300125579e+00
3.100166243300125579e+00
-3.511333074814766864e+00
-3.511333074814766864e+00
-3.163651155492469336e+00
-3.163651155492469336e+00
-3.191962450665136730e-03
-3.191962450665136730e-03
3.384660523057597903e+00
3.384660523057597903e+00
3.145542701908343286e+00
3.145542701908343286e+00
3.696224932126078500e+00
3.696224932126078500e+00
3.177139296223849385e+00
3.177139296223849385e+00
1.106954458611067033e-01
1.106954458611067033e-01
-3.366041811834896702e+00
-3.366041811834896702e+00
-3.142426963817030572e+00
-3.142426963817030572e+00
3.319673150715618526e+00
3.319673150715618526e+00
3.119729067277905887e+00
3.119729067277905887e+00
1.703552814742726462e-01
1.703552814742726462e-01
-3.308930153561565835e+00
-3.308930153561565835e+00
-3.102144139654807287e+00
-3.102144139654807287e+00
3.458806854643522222e+00
3.458806854643522222e+00
3.161572580075526329e+00
3.161572580075526329e+00
-6.388169122636577768e-02
-6.388169122636577768e-02
-3.407849903754676113e+00
-3.407849903754676113e+00
-3.133327888551148632e+00
-3.133327888551148632e+00
-3.427414185766201271e+00
-3.427414185766201271e+00
-3.145453365690821457e+00
-3.145453365690821457e+00
2.668626843623496669e-01
2.668626843623496669e-01
3.429761036881667557e+00
3.429761036881667557e+00
3.137080256758844055e+00
3.137080256758844055e+00
-3.774158009318187901e+00
-3.774158009318187901e+00
-3.164685000052346542e+00
-3.164685000052346542e+00
-1.141464236591464287e-01
-1.141464236591464287e-01
3.777420229745041880e+00
3.777420229745041880e+00
3.177087952718548713e+00
3.177087952718548713e+00
3.515007459892147246e+00
3.515007459892147246e+00
3.154339710174834721e+00
3.154339710174834721e+00
1.361452514812775405e-01
1.361452514812775405e-01
-3.526062349755330949e+00
-3.526062349755330949e+00
-3.191449937812037785e+00
-3.191449937812037785e+00
6.432507118851356342e-02
6.432507118851356342e-02
-4.017511651722736055e+00
-4.017511651722736055e+00
-3.186555118382535579e+00
-3.186555118382535579e+00
3.907089216308076818e+00
3.907089216308076818e+00
3.181105446803091041e+00
3.181105446803091041e+00
3.217141676269530404e-01
3.217141676269530404e-01
-3.953232175232479051e+00
-3.953232175232479051e+00
-3.190343542294654444e+00
-3.190343542294654444e+00
3.420031002556717326e+00
3.420031002556717326e+00
3.130733175536466462e+00
3.130733175536466462e+00
-3.747107329147782551e+00
-3.747107329147782551e+00
-3.160511469246186866e+00
-3.160511469246186866e+00
7.785771315030787232e-02
7.785771315030787232e-02
3.576983006072359750e+00
3.576983006072359750e+00
3.174731595022693309e+00
3.174731595022693309e+00
-3.580922582160167345e+00
-3.580922582160167345e+00
-3.159702306019619655e+00
-3.159702306019619655e+00
1.661725810191362895e-01
1.661725810191362895e-01
3.603666932174552251e+00
3.603666932174552251e+00
3.162193601885628258e+00
3.162193601885628258e+00
-3.618273797399339298e+00
-3.618273797399339298e+00
-3.167223983074433757e+00
-3.167223983074433757e+00
2.598027029733890880e-01
2.598027029733890880e-01
3.628047553076012566e+00
3.628047553076012566e+00
3.162915256232749606e+00
3.162915256232749606e+00
-4.268999344297498943e+00
-4.268999344297498943e+00
-3.211819095986759631e+00
-3.211819095986759631e+00
3.034133934671083832e-01
3.034133934671083832e-01
3.342558341118464504e+00
3.342558341118464504e+00
3.147490304576086029e+00
3.147490304576086029e+00
-3.653637499443848302e+00
-3.653637499443848302e+00
-3.203021724172520290e+00
-3.203021724172520290e+00
1.071965602840432297e-01
1.071965602840432297e-01
3.473334430492993175e+00
3.473334430492993175e+00
3.159206066413608571e+00
3.159206066413608571e+00
-1.601266153873438791e-01
-1.601266153873438791e-01
-4.067625183294385494e+00
-4.067625183294385494e+00
-3.131430659864089971e+00
-3.131430659864089971e+00
4.058812465877293718e+00
4.058812465877293718e+00
3.184790253027583340e+00
3.184790253027583340e+00
-3.545957099512093702e+00
-3.545957099512093702e+00
-3.152626382722409915e+00
-3.152626382722409915e+00
-1.930947599240757928e-01
-1.930947599240757928e-01
3.409381344058401098e+00
3.409381344058401098e+00
3.167374897113693688e+00
3.167374897113693688e+00
-3.492998427699867570e+00
-3.492998427699867570e+00
-3.149147757453617746e+00
-3.149147757453617746e+00
-8.765997731026074768e-02
-8.765997731026074768e-02
3.223727489455367579e+00
3.223727489455367579e+00
3.100556454015126917e+00
3.100556454015126917e+00
-4.107928903544519450e+00
-4.107928903544519450e+00
-3.166937861404944154e+00
-3.166937861404944154e+00
1.839492915564942821e-01
1.839492915564942821e-01
3.536167763379605145e+00
3.536167763379605145e+00
3.156193290976772925e+00
3.156193290976772925e+00
-3.457437942799259201e+00
-3.457437942799259201e+00
-3.144598965700899917e+00
-3.144598965700899917e+00
3.908141144146317636e-01
3.908141144146317636e-01
3.624468056782172098e+00
3.624468056782172098e+00
3.144364254307880024e+00
3.144364254307880024e+00
3.377253474597190053e+00
3.377253474597190053e+00
3.138167014246825204e+00
3.138167014246825204e+00
3.342843212158758126e-01
3.342843212158758126e-01
-3.485700776021079861e+00
-3.485700776021079861e+00
-3.157247640567866664e+00
-3.157247640567866664e+00
-4.056376251313055903e+00
-4.056376251313055903e+00
-3.203672877865888946e+00
-3.203672877865888946e+00
1.056564603601064384e-01
1.056564603601064384e-01
3.613274042366744432e+00
3.613274042366744432e+00
3.159441638305961142e+00
3.159441638305961142e+00
-3.468624404101450232e+00
-3.468624404101450232e+00
-3.148724094193325662e+00
-3.148724094193325662e+00
3.568269755285578548e-01
3.568269755285578548e-01
3.280003181661245826e+00
3.280003181661245826e+00
3.086893375921553773e+00
3.086893375921553773e+00
-3.679642546495059729e+00
-3.679642546495059729e+00
-3.196649355347656485e+00
-3.196649355347656485e+00
2.800448468861427287e-01
2.800448468861427287e-01
3.458315373342585985e+00
3.458315373342585985e+00
3.209986095902207737e+00
3.209986095902207737e+00
-4.569998896963155310e+00
-4.569998896963155310e+00
-3.179853420211272486e+00
-3.179853420211272486e+00
1.122702596703053640e-01
1.122702596703053640e-01
3.463422792837276276e+00
3.463422792837276276e+00
3.129024406322332474e+00
3.129024406322332474e+00
-3.841267075741411130e+00
-3.841267075741411130e+00
-3.190204340488504986e+00
-3.190204340488504986e+00
3.465867332452960969e-01
3.465867332452960969e-01
3.417723407347337705e+00
3.417723407347337705e+00
3.114178560437875554e+00
3.114178560437875554e+00
-3.887397647215772967e+00
-3.887397647215772967e+00
-3.175432904466990447e+00
-3.175432904466990447e+00
5.030334128845055375e-01
5.030334128845055375e-01
3.440239342520583499e+00
3.440239342520583499e+00
3.182578211574716320e+00
3.182578211574716320e+00
-3.299732019482207956e+00
-3.299732019482207956e+00
-3.135773421427435093e+00
-3.135773421427435093e+00
4.400411764393529213e-01
4.400411764393529213e-01
3.398898089945027845e+00
3.398898089945027845e+00
3.147199256124221911e+00
3.147199256124221911e+00
-3.247982640819649713e+00
-3.247982640819649713e+00
-3.129565834292414639e+00
-3.129565834292414639e+00
2.662964151612186581e-01
2.662964151612186581e-01
3.149293374265605738e+00
3.149293374265605738e+00
3.063059126087179340e+00
3.063059126087179340e+00
-3.440959619167257344e+00
-3.440959619167257344e+00
-3.147217301916832799e+00
-3.147217301916832799e+00
1.951174509133731250e-01
1.951174509133731250e-01
3.467918270408254511e+00
3.467918270408254511e+00
3.153756942987949508e+00
3.153756942987949508e+00
-3.583235987955843527e+00
-3.583235987955843527e+00
-3.172283225124774564e+00
-3.172283225124774564e+00
4.641111255871254171e-01
4.641111255871254171e-01
3.514085654421331473e+00
3.514085654421331473e+00
3.152236117862041720e+00
3.152236117862041720e+00
-3.880993705094136548e+00
-3.880993705094136548e+00
-3.167117598572801285e+00
-3.167117598572801285e+00
1.233762864608793502e-01
1.233762864608793502e-01
3.043372832052056332e+00
3.043372832052056332e+00
3.072060682532012255e+00
3.072060682532012255e+00
-3.442498882021716611e+00
-3.442498882021716611e+00
-3.158568463986407782e+00
-3.158568463986407782e+00
2.100943527127558108e-01
2.100943527127558108e-01
3.386099207883523921e+00
3.386099207883523921e+00
3.151546579582591878e+00
3.151546579582591878e+00
-3.787108098267280010e+00
-3.787108098267280010e+00
-3.178647640817064079e+00
-3.178647640817064079e+00
1.438368329258898348e-01
1.438368329258898348e-01
3.335040834706497037e+00
3.335040834706497037e+00
3.126951079198615258e+00
3.126951079198615258e+00
-3.604214828707926532e+00
-3.604214828707926532e+00
-3.175268658688801704e+00
-3.175268658688801704e+00
6.363305806290880939e-02
6.363305806290880939e-02
3.358250412823026831e+00
3.358250412823026831e+00
3.136357940706487213e+00
3.136357940706487213e+00
-3.659440213668483821e+00
-3.659440213668483821e+00
-3.156666002762652745e+00
-3.156666002762652745e+00
-1.565486610773750564e-01
-1.565486610773750564e-01
3.421342414689121814e+00
3.421342414689121814e+00
3.160906626806764930e+00
3.160906626806764930e+00
3.469450099058912329e+00
3.469450099058912329e+00
3.165728718122096552e+00
3.165728718122096552e+00
-2.403735790844046746e-02
-2.403735790844046746e-02
-3.282363493515440656e+00
-3.282363493515440656e+00
-3.107898745591133327e+00
-3.107898745591133327e+00
-3.904238701580924342e+00
-3.904238701580924342e+00
-3.206132468226858379e+00
-3.206132468226858379e+00
8.726790318938269786e-02
8.726790318938269786e-02
3.359333348868964730e+00
3.359333348868964730e+00
3.142210310274309748e+00
3.142210310274309748e+00
-3.349076169889164234e+00
-3.349076169889164234e+00
-3.136113618429615446e+00
-3.136113618429615446e+00
2.383500777452547681e-01
2.383500777452547681e-01
3.251497601965859907e+00
3.251497601965859907e+00
3.096908878899873319e+00
3.096908878899873319e+00
5.460100243475277670e-01
5.460100243475277670e-01
-3.886339768589367694e+00
-3.886339768589367694e+00
-3.174946093477621911e+00
-3.174946093477621911e+00
3.916214865790476729e+00
3.916214865790476729e+00
3.129981539556137449e+00
3.129981539556137449e+00
-3.745333096130918360e+00
-3.745333096130918360e+00
-3.211254481474744349e+00
-3.211254481474744349e+00
-4.526397215744863700e-02
-4.526397215744863700e-02
3.351260785050354407e+00
3.351260785050354407e+00
3.136961057387523955e+00
3.136961057387523955e+00
-3.714305543872066462e+00
-3.714305543872066462e+00
-3.163401778642600526e+00
-3.163401778642600526e+00
-2.762268066386788876e-03
-2.762268066386788876e-03
3.285890600767259695e+00
3.285890600767259695e+00
3.099413104966520116e+00
3.099413104966520116e+00
-3.335168253877310640e+00
-3.335168253877310640e+00
-3.144362805449392617e+00
-3.144362805449392617e+00
1.427119382036559359e-01
1.427119382036559359e-01
3.205213317969103137e+00
3.205213317969103137e+00
3.108805479324898258e+00
3.108805479324898258e+00
-3.597884245112124901e+00
-3.597884245112124901e+00
-3.149030927987241490e+00
-3.149030927987241490e+00
-7.093210777537929668e-02
-7.093210777537929668e-02
3.253389568064984250e+00
3.253389568064984250e+00
3.120996656981017914e+00
3.120996656981017914e+00
3.563788162857333575e+00
3.563788162857333575e+00
3.189360299231233764e+00
3.189360299231233764e+00
2.802004766205736797e-01
2.802004766205736797e-01
-3.613199455369950908e+00
-3.613199455369950908e+00
-3.198884081054757189e+00
-3.198884081054757189e+00
3.506831040828238599e+00
3.506831040828238599e+00
3.181682039037378118e+00
3.181682039037378118e+00
2.133626114787154637e-01
2.133626114787154637e-01
-3.442387089657160004e+00
-3.442387089657160004e+00
-3.154799319874327157e+00
-3.154799319874327157e+00
-3.672907093735151118e+00
-3.672907093735151118e+00
-3.168686303569134832e+00
-3.168686303569134832e+00
2.960171371167643617e-01
2.960171371167643617e-01
3.431627568867354316e+00
3.431627568867354316e+00
3.167572011276661659e+00
3.167572011276661659e+00
-3.615746765276618202e+00
-3.615746765276618202e+00
-3.197428992232142608e+00
-3.197428992232142608e+00
1.318497606067666472e-01
1.318497606067666472e-01
3.344359234726094865e+00
3.344359234726094865e+00
3.138776821871835487e+00
3.138776821871835487e+00
-3.545551345333611604e+00
-3.545551345333611604e+00
-3.160005550246902661e+00
-3.160005550246902661e+00
-7.092277830233731373e-02
-7.092277830233731373e-02
3.229520426073702488e+00
3.229520426073702488e+00
3.122802073357205721e+00
3.122802073357205721e+00
-3.431283944806262642e+00
-3.431283944806262642e+00
-3.137294126355863355e+00
-3.137294126355863355e+00
1.774300988231458306e-02
1.774300988231458306e-02
3.389706372038506110e+00
3.389706372038506110e+00
3.157416150463113969e+00
3.157416150463113969e+00
-3.570060909403391491e+00
-3.570060909403391491e+00
-3.142101971368188806e+00
-3.142101971368188806e+00
4.690655040552380584e-01
4.690655040552380584e-01
3.294163309122593919e+00
3.294163309122593919e+00
3.088289580464585349e+00
3.088289580464585349e+00
-3.704246208563803489e+00
-3.704246208563803489e+00
-3.166222203951902348e+00
-3.166222203951902348e+00
-2.214181933669645275e-01
-2.214181933669645275e-01
3.309639414903786658e+00
3.309639414903786658e+00
3.126017670399166448e+00
3.126017670399166448e+00
-3.518254583175339789e+00
-3.518254583175339789e+00
-3.156061893652893691e+00
-3.156061893652893691e+00
-4.133400932048377635e-02
-4.133400932048377635e-02
3.313734291272794508e+00
3.313734291272794508e+00
3.129701721908711320e+00
3.129701721908711320e+00
-3.518123843027784581e+00
-3.518123843027784581e+00
-3.151504964766291828e+00
-3.151504964766291828e+00
2.540089687306242017e-02
2.540089687306242017e-02
3.258624383833123694e+00
3.258624383833123694e+00
3.129896543516652585e+00
3.129896543516652585e+00
-3.634388064195271273e+00
-3.634388064195271273e+00
-3.181479184876589539e+00
-3.181479184876589539e+00
3.320425331622420262e-01
3.320425331622420262e-01
3.169016252225978825e+00
3.169016252225978825e+00
3.076696209437295160e+00
3.076696209437295160e+00
2.402576152222098659e-03
2.402576152222098659e-03
3.504117295156760736e+00
3.504117295156760736e+00
3.143151089151198008e+00
3.143151089151198008e+00
-3.507447899366981314e+00
-3.507447899366981314e+00
-3.150409229013462653e+00
-3.150409229013462653e+00
-3.522239341549752822e+00
-3.522239341549752822e+00
-3.145572871207909404e+00
-3.145572871207909404e+00
-6.148061169962151795e-03
-6.148061169962151795e-03
3.449625803035834881e+00
3.449625803035834881e+00
3.181269548306218553e+00
3.181269548306218553e+00
3.413254473417488999e+00
3.413254473417488999e+00
3.143521598471816780e+00
3.143521598471816780e+00
1.123882862829411883e-01
1.123882862829411883e-01
-3.409392762080197592e+00
-3.409392762080197592e+00
-3.147140647582879147e+00
-3.147140647582879147e+00
-3.402728438820321166e+00
-3.402728438820321166e+00
-3.152938079179383291e+00
-3.152938079179383291e+00
9.954699456572928262e-02
9.954699456572928262e-02
3.211555797758776087e+00
3.211555797758776087e+00
3.089879171678425074e+00
3.089879171678425074e+00
-3.943118727707031645e+00
-3.943118727707031645e+00
-3.171432986009728783e+00
-3.171432986009728783e+00
-6.288419849869866796e-02
-6.288419849869866796e-02
3.569997072606801769e+00
3.569997072606801769e+00
3.171167286655874218e+00
3.171167286655874218e+00
-3.989897280826565140e+00
-3.989897280826565140e+00
-3.168741976458598675e+00
-3.168741976458598675e+00
-2.617702185723456698e-01
-2.617702185723456698e-01
3.559072569661187124e+00
3.559072569661187124e+00
3.150474053530718521e+00
3.150474053530718521e+00
-3.765180983518833457e+00
-3.765180983518833457e+00
-3.175059121100802351e+00
-3.175059121100802351e+00
1.619570649126723383e-01
1.619570649126723383e-01
3.034109498776722980e+00
3.034109498776722980e+00
3.103425173623579170e+00
3.103425173623579170e+00
-3.884822323554991907e+00
-3.884822323554991907e+00
-3.196050480730674881e+00
-3.196050480730674881e+00
6.602485635727870505e-01
6.602485635727870505e-01
3.362666723833157345e+00
3.362666723833157345e+00
3.155617117453641818e+00
3.155617117453641818e+00
